1367 2556 1
1692.81 568.654 -7052.53 -0.024008 0.352747 -0.618234 0.701983
1685.79 565.46 -7054.39 -0.0243686 0.35316 -0.618218 0.701777
1678.77 562.266 -7056.25 -0.0247174 0.353547 -0.618082 0.701689
1671.75 559.073 -7058.11 -0.0250601 0.353916 -0.617868 0.70168
1664.73 555.883 -7059.99 -0.0254007 0.354284 -0.617645 0.701678
1657.7 552.693 -7061.86 -0.0257477 0.354657 -0.617449 0.70165
1650.68 549.505 -7063.73 -0.0260931 0.355026 -0.617233 0.70164
1643.66 546.318 -7065.61 -0.0264358 0.3554 -0.617028 0.701618
1636.64 543.132 -7067.5 -0.0267801 0.355768 -0.616803 0.701617
1629.62 539.949 -7069.39 -0.0271268 0.356137 -0.616587 0.701606
1622.6 536.766 -7071.28 -0.0274697 0.35651 -0.616372 0.701593
1615.59 533.584 -7073.17 -0.0278145 0.356882 -0.616154 0.701581
1608.57 530.405 -7075.07 -0.0281568 0.357251 -0.615919 0.701586
1601.55 527.227 -7076.98 -0.0284999 0.357625 -0.615703 0.701572
1594.53 524.049 -7078.89 -0.0288437 0.357996 -0.615476 0.701567
1587.52 520.875 -7080.8 -0.0291902 0.358369 -0.615258 0.701553
1580.5 517.7 -7082.71 -0.0295365 0.35874 -0.615031 0.701549
1573.48 514.528 -7084.64 -0.0298794 0.359111 -0.614794 0.701552
1566.47 511.357 -7086.56 -0.0302223 0.359485 -0.614567 0.701545
1559.45 508.187 -7088.49 -0.0305643 0.359857 -0.614329 0.701547
1552.44 505.02 -7090.42 -0.0309103 0.36023 -0.6141 0.701541
1545.42 501.853 -7092.36 -0.031255 0.360605 -0.613871 0.701534
1538.41 498.688 -7094.3 -0.0315977 0.360976 -0.613624 0.701543
1531.4 495.525 -7096.25 -0.0319448 0.36135 -0.613395 0.701536
1524.38 492.362 -7098.2 -0.0322864 0.361722 -0.613146 0.701546
1517.37 489.203 -7100.15 -0.0326334 0.362095 -0.612907 0.701547
1510.36 486.044 -7102.11 -0.0329777 0.362469 -0.612667 0.701547
1503.35 482.886 -7104.07 -0.0333198 0.362844 -0.612418 0.701554
1496.34 479.731 -7106.04 -0.0336637 0.363219 -0.612178 0.701553
1489.33 476.577 -7108.01 -0.0340096 0.363592 -0.611927 0.701562
1482.32 473.425 -7109.99 -0.0343524 0.363967 -0.611677 0.701569
1475.31 470.274 -7111.97 -0.0346974 0.364341 -0.611426 0.701577
1468.3 467.124 -7113.96 -0.0350415 0.364716 -0.611175 0.701583
1461.29 463.978 -7115.95 -0.0353845 0.365093 -0.610923 0.70159
1454.28 460.832 -7117.94 -0.0357296 0.365466 -0.610662 0.701605
1447.28 457.688 -7119.94 -0.0360756 0.365842 -0.610411 0.701611
1440.27 454.546 -7121.95 -0.0364167 0.366216 -0.61014 0.701633
1433.26 451.404 -7123.95 -0.0367643 0.366591 -0.609886 0.70164
1426.26 448.266 -7125.97 -0.0371065 0.366968 -0.609624 0.701652
1419.25 445.129 -7127.99 -0.0374511 0.367342 -0.609352 0.701675
1412.25 441.993 -7130.01 -0.0377968 0.36772 -0.609097 0.701679
1405.24 438.86 -7132.04 -0.0381379 0.368095 -0.608815 0.70171
1398.24 435.727 -7134.07 -0.0384831 0.368472 -0.608551 0.701721
1391.24 432.598 -7136.11 -0.0388302 0.368849 -0.608288 0.701733
1384.24 429.47 -7138.15 -0.0392359 0.369296 -0.607999 0.701725
1377.23 426.343 -7140.19 -0.0397665 0.36989 -0.607713 0.70163
1370.23 423.219 -7142.25 -0.0404217 0.370622 -0.607407 0.701471
1363.23 420.095 -7144.3 -0.041193 0.371497 -0.607104 0.701226
1356.23 416.975 -7146.37 -0.0420821 0.372509 -0.60679 0.700908
1349.24 413.856 -7148.43 -0.0430865 0.373648 -0.606447 0.700537
1342.24 410.738 -7150.5 -0.0442045 0.374922 -0.606114 0.700075
1335.24 407.623 -7152.58 -0.0454316 0.376318 -0.605742 0.69957
1328.24 404.509 -7154.66 -0.0467653 0.377845 -0.605386 0.698966
1321.25 401.398 -7156.75 -0.0482028 0.379494 -0.605012 0.698299
1314.25 398.288 -7158.84 -0.0497453 0.381255 -0.604603 0.697585
1307.26 395.18 -7160.94 -0.0513874 0.383138 -0.604203 0.696781
1300.26 392.075 -7163.04 -0.0531262 0.385127 -0.60376 0.695938
1293.27 388.97 -7165.15 -0.0549604 0.387233 -0.603332 0.694997
1286.27 385.87 -7167.26 -0.0568908 0.389446 -0.602898 0.69398
1279.28 382.77 -7169.38 -0.0589018 0.391756 -0.602393 0.692951
1272.29 379.672 -7171.51 -0.0610144 0.394172 -0.601928 0.691801
1265.3 376.577 -7173.64 -0.063195 0.396681 -0.60138 0.690647
1258.31 373.482 -7175.77 -0.0654713 0.39929 -0.600871 0.689373
1251.32 370.392 -7177.91 -0.0678281 0.401991 -0.600344 0.688033
1244.33 367.302 -7180.06 -0.0702568 0.404773 -0.599751 0.686674
1237.34 364.215 -7182.21 -0.0727619 0.407649 -0.599177 0.685212
1230.36 361.131 -7184.37 -0.0753319 0.410598 -0.598524 0.683742
1223.37 358.047 -7186.53 -0.0779842 0.413633 -0.597909 0.682152
1216.39 354.967 -7188.7 -0.0806966 0.41674 -0.597233 0.680536
1209.4 351.887 -7190.87 -0.0834797 0.419921 -0.596554 0.678838
1202.42 348.812 -7193.05 -0.0863261 0.423176 -0.595872 0.677057
1195.44 345.738 -7195.24 -0.0892242 0.426488 -0.595098 0.675282
1188.45 342.666 -7197.43 -0.092191 0.429871 -0.594368 0.673378
1181.47 339.596 -7199.63 -0.0951978 0.433307 -0.593537 0.671488
1174.49 336.528 -7201.83 -0.0982696 0.436808 -0.592748 0.669471
1167.51 333.464 -7204.04 -0.101385 0.44036 -0.591905 0.667423
1160.53 330.4 -7206.25 -0.104551 0.44396 -0.591025 0.665326
1153.56 327.341 -7208.48 -0.107765 0.447613 -0.590157 0.663132
1146.58 324.283 -7210.71 -0.111011 0.451303 -0.589185 0.660957
1139.6 321.227 -7212.94 -0.11431 0.455041 -0.588263 0.658648
1132.63 318.174 -7215.18 -0.117623 0.458812 -0.587218 0.656377
1125.65 315.122 -7217.42 -0.120995 0.462625 -0.586241 0.653957
1118.68 312.075 -7219.68 -0.124385 0.466467 -0.58518 0.651538
1111.71 309.028 -7221.94 -0.127809 0.470338 -0.584098 0.649058
1104.74 305.986 -7224.2 -0.131271 0.474237 -0.583027 0.646488
1097.77 302.944 -7226.47 -0.134732 0.478156 -0.581831 0.643961
1090.8 299.906 -7228.75 -0.138241 0.4821 -0.580703 0.641291
1083.83 296.87 -7231.04 -0.141743 0.486057 -0.579442 0.638675
1076.86 293.837 -7233.33 -0.145285 0.490033 -0.578248 0.635916
1069.9 290.807 -7235.63 -0.148818 0.494018 -0.57693 0.633207
1062.93 287.777 -7237.93 -0.152389 0.498015 -0.575679 0.630359
1055.97 284.753 -7240.24 -0.155962 0.502018 -0.574374 0.627494
1049.0 281.73 -7242.56 -0.159527 0.506023 -0.572982 0.624647
1042.04 278.711 -7244.88 -0.163117 0.510031 -0.571641 0.621682
1035.08 275.693 -7247.22 -0.166683 0.514035 -0.570167 0.618785
1028.12 272.678 -7249.55 -0.170278 0.518036 -0.568772 0.615745
1021.16 269.667 -7251.9 -0.173841 0.52203 -0.567237 0.612786
1014.21 266.657 -7254.25 -0.177431 0.526013 -0.565791 0.60968
1007.25 263.652 -7256.61 -0.180976 0.529987 -0.564197 0.606666
1000.3 260.647 -7258.98 -0.184548 0.533945 -0.562693 0.603508
993.342 257.648 -7261.36 -0.188092 0.537886 -0.561107 0.600382
986.389 254.649 -7263.73 -0.191623 0.541808 -0.559502 0.597229
979.438 251.656 -7266.13 -0.195154 0.545706 -0.557921 0.594007
972.488 248.664 -7268.52 -0.19862 0.54959 -0.556199 0.590884
965.54 245.676 -7270.92 -0.202117 0.553438 -0.554587 0.587612
958.592 242.69 -7273.33 -0.20554 0.557267 -0.552815 0.584467
951.646 239.708 -7275.75 -0.208992 0.561055 -0.551166 0.581167
944.701 236.728 -7278.18 -0.212355 0.564826 -0.549344 0.578012
937.758 233.751 -7280.61 -0.215748 0.568548 -0.547655 0.5747
930.816 230.779 -7283.06 -0.219051 0.572248 -0.545802 0.571532
923.875 227.808 -7285.5 -0.222378 0.575896 -0.544077 0.568218
916.936 224.842 -7287.96 -0.225613 0.579519 -0.542198 0.565046
909.998 221.877 -7290.43 -0.228872 0.583083 -0.540449 0.561736
903.062 218.918 -7292.9 -0.232038 0.58662 -0.538573 0.558547
896.126 215.96 -7295.38 -0.235204 0.590098 -0.536769 0.555285
889.193 213.007 -7297.87 -0.238304 0.593538 -0.534915 0.552078
882.261 210.055 -7300.37 -0.241358 0.596929 -0.533047 0.548892
875.331 207.11 -7302.88 -0.24438 0.600266 -0.531212 0.545686
868.402 204.165 -7305.39 -0.247318 0.603563 -0.529296 0.542578
861.475 201.227 -7307.92 -0.250254 0.606791 -0.527478 0.539393
854.549 198.289 -7310.44 -0.25308 0.609985 -0.525535 0.536359
847.626 195.358 -7312.99 -0.255922 0.613098 -0.52374 0.533208
840.703 192.427 -7315.53 -0.258626 0.616185 -0.521778 0.530261
833.783 189.502 -7318.09 -0.261357 0.619183 -0.519996 0.527172
826.864 186.58 -7320.66 -0.263934 0.622157 -0.518023 0.524319
819.947 183.662 -7323.24 -0.26655 0.625032 -0.516258 0.521309
813.031 180.747 -7325.82 -0.269009 0.627884 -0.514306 0.518541
806.118 177.837 -7328.41 -0.271504 0.630632 -0.512566 0.515621
799.206 174.929 -7331.01 -0.27382 0.633364 -0.51062 0.512972
792.296 172.027 -7333.63 -0.276183 0.635983 -0.508906 0.51016
785.388 169.127 -7336.25 -0.278367 0.638583 -0.506994 0.507623
778.482 166.233 -7338.88 -0.280598 0.641067 -0.505318 0.504928
771.578 163.341 -7341.52 -0.282643 0.643533 -0.503441 0.50252
764.676 160.454 -7344.17 0.284722 -0.645883 0.501798 -0.499967
757.776 157.571 -7346.83 0.286618 -0.648212 0.499963 -0.497703
750.878 154.693 -7349.5 0.288557 -0.650418 0.498374 -0.495292
743.982 151.817 -7352.18 0.290302 -0.652605 0.496588 -0.493184
737.088 148.948 -7354.87 0.29208 -0.65467 0.495045 -0.490945
730.196 146.081 -7357.57 0.293667 -0.656713 0.493318 -0.489005
723.307 143.22 -7360.28 0.295283 -0.65863 0.491824 -0.486953
716.419 140.362 -7362.99 0.296715 -0.660521 0.49018 -0.485176
709.535 137.51 -7365.73 0.298153 -0.662293 0.488728 -0.483339
702.651 134.66 -7368.46 0.299428 -0.664026 0.487176 -0.481738
695.772 131.818 -7371.22 0.300684 -0.66565 0.485771 -0.480131
688.892 128.977 -7373.98 0.301808 -0.667216 0.484331 -0.478705
682.018 126.144 -7376.75 0.302869 -0.66869 0.482973 -0.477348
675.144 123.312 -7379.53 0.303832 -0.670088 0.481648 -0.476113
668.274 120.489 -7382.33 0.304702 -0.671405 0.480347 -0.475014
661.405 117.668 -7385.14 0.305504 -0.672627 0.479151 -0.473977
654.541 114.854 -7387.96 0.306153 -0.673795 0.477886 -0.473176
647.677 112.043 -7390.78 0.306809 -0.674828 0.476847 -0.472327
640.818 109.238 -7393.63 0.30724 -0.675837 0.475629 -0.471832
633.96 106.438 -7396.48 0.307732 -0.676681 0.474741 -0.471196
627.105 103.643 -7399.34 0.307965 -0.677514 0.473617 -0.470976
620.254 100.854 -7402.22 0.308257 -0.67818 0.472831 -0.470618
613.405 98.0684 -7405.1 0.308299 -0.678825 0.47183 -0.470664
606.559 95.2905 -7408.0 0.308356 -0.679319 0.471093 -0.470652
599.716 92.5152 -7410.91 0.308231 -0.679756 0.470272 -0.470924
592.876 89.7489 -7413.84 0.308037 -0.680078 0.469572 -0.471284
586.039 86.9847 -7416.77 0.307746 -0.680296 0.468946 -0.471784
579.206 84.2297 -7419.73 0.307347 -0.680486 0.468253 -0.472457
572.376 81.4779 -7422.69 0.307033 -0.680616 0.467741 -0.47298
565.549 78.7332 -7425.66 0.306537 -0.680796 0.466968 -0.473807
558.726 75.9941 -7428.65 0.306192 -0.680844 0.466551 -0.47437
551.905 73.2599 -7431.65 0.305613 -0.680929 0.465843 -0.475317
545.089 70.5338 -7434.67 0.305086 -0.680892 0.465379 -0.476162
538.274 67.8106 -7437.7 0.30442 -0.680806 0.464851 -0.477226
531.466 65.0982 -7440.74 0.303656 -0.680632 0.464363 -0.478435
524.66 62.3885 -7443.8 0.302859 -0.680319 0.464057 -0.47968
517.858 59.6872 -7446.87 0.30181 -0.679951 0.463572 -0.48133
511.06 56.992 -7449.96 0.300807 -0.679367 0.463476 -0.482873
504.266 54.3021 -7453.05 0.299499 -0.678712 0.463163 -0.484903
497.476 51.6215 -7456.17 0.298141 -0.677844 0.463122 -0.486988
490.689 48.9444 -7459.3 0.296589 -0.676811 0.463126 -0.489363
483.909 46.2779 -7462.44 0.2948 -0.675609 0.463123 -0.492099
477.131 43.6161 -7465.6 0.29295 -0.674136 0.46347 -0.494891
470.357 40.9615 -7468.78 0.290718 -0.672515 0.46359 -0.498288
463.589 38.3158 -7471.97 -0.288413 0.670581 -0.4641 0.501747
456.824 35.6742 -7475.17 -0.285823 0.668406 -0.464624 0.505631
450.066 33.0443 -7478.4 -0.282946 0.665965 -0.465193 0.50993
443.311 30.4194 -7481.63 -0.279923 0.663168 -0.466109 0.514387
436.561 27.8021 -7484.89 -0.276469 0.660112 -0.466829 0.519507
429.817 25.1947 -7488.16 -0.272859 0.656649 -0.467941 0.524777
423.077 22.5923 -7491.44 -0.268919 0.652825 -0.469125 0.530495
416.343 20.0009 -7494.75 -0.264598 0.648627 -0.470284 0.536754
409.613 17.4165 -7498.08 -0.260053 0.643958 -0.471815 0.543213
402.889 14.8388 -7501.41 -0.255062 0.638874 -0.473239 0.550299
396.172 12.2736 -7504.77 -0.249758 0.633285 -0.474883 0.557725
389.459 9.71383 -7508.15 -0.244125 0.627162 -0.476763 0.56548
382.753 7.16365 -7511.54 -0.23797 0.620533 -0.478414 0.573959
376.053 4.62386 -7514.96 -0.231531 0.613276 -0.480482 0.5826
369.357 2.09036 -7518.38 -0.224641 0.605406 -0.482584 0.59172
362.669 -0.431286 -7521.83 -0.217235 0.596895 -0.484532 0.60146
355.988 -2.94356 -7525.31 -0.209183 0.587302 -0.486937 0.611728
349.311 -5.44926 -7528.79 -0.200094 0.576299 -0.48948 0.623098
342.644 -7.94092 -7532.3 -0.190023 0.563878 -0.492087 0.635439
335.983 -10.4243 -7535.83 -0.179088 0.550033 -0.494994 0.648361
329.327 -12.9001 -7539.38 -0.16725 0.534782 -0.497795 0.661994
322.681 -15.3612 -7542.95 -0.154587 0.518125 -0.500492 0.676134
315.364 -18.0631 -7546.91 -0.141147 0.500083 -0.503056 0.690601
308.055 -20.7533 -7550.89 -0.126988 0.480674 -0.505398 0.705265
300.757 -23.4297 -7554.9 -0.112156 0.459908 -0.507243 0.720146
293.469 -26.09 -7558.94 -0.0967402 0.437854 -0.508907 0.734805
286.191 -28.7379 -7563.01 -0.0808001 0.41455 -0.5102 0.74921
278.922 -31.3733 -7567.1 -0.0643931 0.390049 -0.511011 0.763271
271.665 -33.9933 -7571.22 -0.0476038 0.364386 -0.511133 0.776981
264.419 -36.5959 -7575.38 -0.0305315 0.337643 -0.510651 0.790127
257.187 -39.1809 -7579.56 -0.013296 0.309852 -0.509353 0.80273
249.968 -41.7455 -7583.78 0.00400598 0.281088 -0.50718 0.814703
242.766 -44.2863 -7588.05 0.0212859 0.251464 -0.504219 0.825879
235.585 -46.7969 -7592.37 0.0384443 0.221071 -0.500417 0.836202
228.424 -49.2796 -7596.73 0.0554825 0.190129 -0.496113 0.845367
221.282 -51.7361 -7601.15 0.0722703 0.158705 -0.491143 0.853445
214.159 -54.165 -7605.61 0.0887248 0.126923 -0.485511 0.860405
207.058 -56.5654 -7610.11 0.104765 0.0949144 -0.479252 0.866217
199.978 -58.9362 -7614.67 0.120314 0.0628134 -0.472415 0.870864
192.926 -61.2714 -7619.29 0.135351 0.0307967 -0.465119 0.874297
185.899 -63.5738 -7623.96 0.149732 -0.00106804 -0.457273 0.87663
178.898 -65.843 -7628.69 0.163424 -0.0326225 -0.44899 0.877859
171.923 -68.0786 -7633.47 0.176368 -0.0637353 -0.440332 0.878032
164.977 -70.2785 -7638.31 0.188512 -0.0942806 -0.431356 0.877215
158.061 -72.442 -7643.21 0.19982 -0.124126 -0.42216 0.875469
151.176 -74.5675 -7648.17 0.21025 -0.153157 -0.412799 0.872889
144.325 -76.6536 -7653.19 0.219768 -0.181263 -0.403338 0.869577
137.508 -78.699 -7658.28 0.228357 -0.208327 -0.393879 0.865628
130.727 -80.7025 -7663.43 0.235996 -0.234251 -0.384486 0.861164
123.985 -82.6626 -7668.65 0.242663 -0.258944 -0.375215 0.856315
117.282 -84.5779 -7673.93 0.248367 -0.282304 -0.366171 0.851197
110.622 -86.447 -7679.28 0.253097 -0.304254 -0.357404 0.845951
104.005 -88.2685 -7684.71 0.256845 -0.324717 -0.348983 0.840714
97.4341 -90.0411 -7690.2 0.259624 -0.343615 -0.340961 0.835625
90.9109 -91.7634 -7695.77 0.261446 -0.36087 -0.333413 0.830816
84.438 -93.4339 -7701.41 0.262315 -0.376417 -0.326377 0.826426
78.017 -95.0514 -7707.13 0.262237 -0.390188 -0.319893 0.82259
71.65 -96.6147 -7712.92 0.261228 -0.402109 -0.314007 0.819432
65.3397 -98.1222 -7718.78 0.25929 -0.412113 -0.308735 0.817077
59.0875 -99.573 -7724.72 0.256217 -0.42024 -0.30397 0.815692
52.8958 -100.966 -7730.74 0.25219 -0.426308 -0.299836 0.815328
46.7702 -102.297 -7736.84 0.247228 -0.430219 -0.296338 0.816073
40.7142 -103.563 -7743.03 0.241624 -0.432664 -0.29324 0.817576
34.7262 -104.767 -7749.29 0.235717 -0.434436 -0.290284 0.819413
28.8072 -105.909 -7755.63 0.229706 -0.435532 -0.287536 0.821505
22.9603 -106.988 -7762.04 0.223186 -0.436235 -0.284708 0.823911
17.1894 -108.001 -7768.54 0.216461 -0.436487 -0.281915 0.826528
11.5031 -108.941 -7775.12 0.209571 -0.43636 -0.279132 0.82931
5.8945 -109.816 -7781.77 0.202611 -0.435903 -0.276374 0.832199
0.364746 -110.626 -7788.5 0.195498 -0.435242 -0.273538 0.835178
-5.08075 -111.367 -7795.31 0.188357 -0.434415 -0.270663 0.838181
-10.4336 -112.034 -7802.19 0.181222 -0.433501 -0.267726 0.841165
-15.7037 -112.636 -7809.15 0.174008 -0.432625 -0.26464 0.844111
-20.8903 -113.173 -7816.17 0.166997 -0.431774 -0.261546 0.846922
-25.9774 -113.633 -7823.27 0.160121 -0.43107 -0.258383 0.849575
-30.9789 -114.029 -7830.44 0.15319 -0.430672 -0.254999 0.852074
-35.8952 -114.363 -7837.66 0.146686 -0.430512 -0.25167 0.854286
-40.711 -114.623 -7844.96 0.140427 -0.430751 -0.248273 0.856209
-45.4416 -114.822 -7852.31 0.134169 -0.431558 -0.244638 0.857851
-50.086 -114.961 -7859.72 0.128512 -0.432845 -0.241126 0.859062
-54.6334 -115.032 -7867.2 0.123129 -0.434846 -0.237514 0.859846
-59.1002 -115.048 -7874.72 0.11796 -0.437566 -0.233788 0.860212
-63.479 -115.006 -7882.29 0.113361 -0.440792 -0.230223 0.860145
-67.7725 -114.906 -7889.91 0.108819 -0.444544 -0.226533 0.85978
-71.9907 -114.759 -7897.57 0.104781 -0.448591 -0.223054 0.859089
-76.1213 -114.555 -7905.28 0.101038 -0.452874 -0.219687 0.858157
-80.1816 -114.307 -7913.02 0.0973323 -0.457337 -0.216295 0.85708
-84.1682 -114.015 -7920.8 0.0941356 -0.461759 -0.21322 0.855835
-88.0836 -113.679 -7928.62 0.0909536 -0.46614 -0.210162 0.85456
-91.9385 -113.308 -7936.46 0.0881379 -0.470292 -0.207378 0.853259
-95.7245 -112.898 -7944.33 0.0855234 -0.474143 -0.204781 0.852021
-99.4571 -112.458 -7952.23 0.082948 -0.477613 -0.202277 0.850934
-103.135 -111.988 -7960.15 0.0807145 -0.480536 -0.200102 0.850017
-106.762 -111.492 -7968.1 0.0784783 -0.48287 -0.198032 0.849389
-110.348 -110.976 -7976.06 0.0764861 -0.48446 -0.196259 0.849077
-113.889 -110.438 -7984.04 0.0745927 -0.485223 -0.194697 0.849169
-117.396 -109.885 -7992.03 0.0728129 -0.48552 -0.193256 0.849483
-120.871 -109.319 -8000.04 0.0714134 -0.485732 -0.192048 0.849754
-124.318 -108.743 -8008.06 0.0702326 -0.485873 -0.190939 0.850022
-127.743 -108.162 -8016.09 0.0693581 -0.485917 -0.190001 0.850279
-131.149 -107.576 -8024.12 0.0687473 -0.485857 -0.189226 0.850536
-134.541 -106.99 -8032.16 0.0683777 -0.485681 -0.188566 0.850812
-137.924 -106.407 -8040.21 0.0682778 -0.485372 -0.188089 0.851102
-141.301 -105.829 -8048.26 0.0683932 -0.484923 -0.187748 0.851424
-144.677 -105.259 -8056.31 0.0687658 -0.484312 -0.187541 0.851787
-148.055 -104.699 -8064.36 0.0693359 -0.483533 -0.187496 0.852193
-151.44 -104.154 -8072.4 0.0700909 -0.482573 -0.187575 0.852658
-154.835 -103.624 -8080.45 0.0710938 -0.481405 -0.187807 0.853184
-158.242 -103.112 -8088.49 0.0722354 -0.480031 -0.188174 0.853782
-161.669 -102.621 -8096.52 0.0735322 -0.47843 -0.188669 0.85446
-165.115 -102.153 -8104.55 0.0750305 -0.476578 -0.189311 0.855223
-168.582 -101.708 -8112.56 0.0766331 -0.474474 -0.190078 0.85608
-172.08 -101.292 -8120.57 0.0783558 -0.472098 -0.190975 0.857037
-175.605 -100.905 -8128.57 0.0781321 -0.469805 -0.190245 0.858479
-179.09 -100.517 -8136.58 0.0720899 -0.468245 -0.184596 0.861089
-182.37 -100.061 -8144.67 0.0617927 -0.46698 -0.175304 0.864512
-185.394 -99.5194 -8152.86 0.0506258 -0.46533 -0.165249 0.8681
-188.199 -98.9043 -8161.13 0.039965 -0.46308 -0.155606 0.871634
-190.791 -98.2189 -8169.45 0.0297295 -0.460252 -0.146291 0.875148
-193.165 -97.4617 -8177.83 0.0199352 -0.456852 -0.137309 0.878655
-195.323 -96.6347 -8186.27 0.0105863 -0.452886 -0.128654 0.882174
-197.295 -95.7474 -8194.75 0.0019101 -0.448351 -0.120556 0.885689
-199.087 -94.8025 -8203.25 -0.00668834 -0.441517 -0.112615 0.890132
-200.708 -93.8027 -8211.79 -0.0152148 -0.430733 -0.104896 0.896234
-202.145 -92.7442 -8220.35 -0.0235696 -0.416146 -0.0972995 0.90377
-203.43 -91.6374 -8228.94 -0.0316658 -0.397896 -0.0897501 0.912481
-204.571 -90.4845 -8237.53 -0.0391065 -0.376131 -0.0825774 0.922051
-205.576 -89.2882 -8246.14 -0.0464301 -0.350969 -0.0750267 0.932221
-206.453 -88.0506 -8254.75 -0.0532946 -0.322562 -0.067374 0.942642
-207.197 -86.7703 -8263.37 -0.0596564 -0.291068 -0.0596048 0.952978
-207.826 -85.4525 -8272.0 -0.065461 -0.256663 -0.0517091 0.962894
-208.35 -84.1004 -8280.62 -0.0705816 -0.219553 -0.0438557 0.972055
-208.776 -82.7156 -8289.25 -0.0750269 -0.179956 -0.0360124 0.980148
-209.11 -81.2999 -8297.87 -0.078935 -0.138092 -0.0279434 0.986873
-209.359 -79.8549 -8306.5 -0.0822229 -0.0942326 -0.0197641 0.991952
-209.527 -78.3821 -8315.12 -0.0848476 -0.0486725 -0.0115863 0.995137
-209.616 -76.8807 -8323.73 -0.0868088 -0.00172063 -0.00345204 0.996218
-209.638 -75.3549 -8332.35 -0.088117 0.0462954 0.00458565 0.995023
-209.599 -73.8059 -8340.96 -0.0887769 0.0950288 0.0124042 0.99143
-209.505 -72.2349 -8349.56 -0.0888171 0.144131 0.0199525 0.985363
-209.359 -70.6432 -8358.16 -0.0883111 0.193257 0.0272784 0.976785
-209.168 -69.0318 -8366.75 -0.087292 0.242056 0.034331 0.965718
-208.936 -67.402 -8375.34 -0.0858251 0.29019 0.0411277 0.952225
-208.668 -65.7546 -8383.93 -0.0839476 0.337323 0.0475505 0.936432
-208.369 -64.0907 -8392.51 -0.0817216 0.383146 0.0535639 0.918505
-208.041 -62.41 -8401.09 -0.0792191 0.427373 0.0591389 0.898654
-207.692 -60.7148 -8409.67 -0.076505 0.469746 0.0642576 0.87713
-207.326 -59.006 -8418.24 -0.0736508 0.510041 0.0689123 0.854216
-206.947 -57.2844 -8426.8 -0.0707263 0.548063 0.0730559 0.830233
-206.56 -55.5509 -8435.37 -0.0678143 0.583659 0.0767404 0.805515
-206.169 -53.8061 -8443.93 -0.0649766 0.616706 0.0799701 0.780421
-205.778 -52.051 -8452.49 -0.062279 0.647119 0.0827483 0.755322
-205.392 -50.2863 -8461.05 -0.059803 0.67484 0.0850902 0.730598
-205.015 -48.5128 -8469.61 -0.0576275 0.699842 0.0869965 0.706634
-204.652 -46.7312 -8478.16 -0.0557939 0.722124 0.0884879 0.683809
-204.306 -44.9421 -8486.72 -0.054356 0.741701 0.0895835 0.662495
-203.985 -43.1463 -8495.27 -0.0533686 0.758603 0.0902867 0.643056
-203.691 -41.3447 -8503.83 -0.052873 0.772864 0.0906116 0.62584
-203.429 -39.5382 -8512.38 -0.0529063 0.784514 0.0905642 0.611177
-203.205 -37.7277 -8520.94 -0.0534547 0.793578 0.0901665 0.599372
-203.022 -35.9138 -8529.49 -0.0545787 0.800054 0.0893786 0.590717
-202.885 -34.0975 -8538.05 -0.0563151 0.803913 0.0881865 0.58547
-202.801 -32.2797 -8546.6 -0.0587445 0.805086 0.0864864 0.583872
-202.773 -30.4612 -8555.16 -0.0651453 0.779593 0.0817248 0.617505
-202.808 -28.6429 -8563.71 -0.0741615 0.728748 0.0736874 0.676754
-202.918 -26.826 -8572.27 -0.080123 0.699318 0.0673893 0.707102
-203.103 -25.0117 -8580.82 -0.0831862 0.699707 0.0640569 0.706674
-203.37 -23.201 -8589.38 -0.0863006 0.701448 0.0606497 0.704872
-203.723 -21.3949 -8597.93 -0.0894561 0.704359 0.0571967 0.701858
-204.171 -19.5948 -8606.48 -0.0928879 0.70822 0.0534745 0.697809
-204.718 -17.8018 -8615.02 -0.0966586 0.712831 0.049441 0.692881
-205.376 -16.0179 -8623.56 -0.100707 0.718009 0.0451866 0.687226
-206.162 -14.2452 -8632.09 -0.105071 0.723559 0.0406913 0.681004
-207.071 -12.4847 -8640.61 -0.109783 0.729292 0.0359262 0.674381
-208.112 -10.7379 -8649.11 -0.114624 0.735062 0.0311498 0.667514
-209.293 -9.00683 -8657.61 -0.120193 0.740602 0.0256731 0.660609
-210.621 -7.29332 -8666.08 -0.126191 0.745786 0.0198178 0.653825
-212.131 -5.60287 -8674.53 -0.132654 0.750443 0.0135352 0.647345
-213.807 -3.93498 -8682.95 -0.139565 0.754414 0.00677689 0.641354
-215.66 -2.29216 -8691.34 -0.146841 0.758468 -0.000208773 0.634952
-217.698 -0.676911 -8699.69 -0.154796 0.763116 -0.00757948 0.627404
-219.953 0.904016 -8707.99 -0.163256 0.767968 -0.0152011 0.619146
-222.423 2.44929 -8716.24 -0.172256 0.772608 -0.0231554 0.61063
-225.106 3.95738 -8724.42 -0.181842 0.776632 -0.0316337 0.602308
-228.011 5.42493 -8732.54 -0.191945 0.779674 -0.0406938 0.594651
-231.186 6.84077 -8740.57 -0.202458 0.781388 -0.0504495 0.588131
-234.601 8.20794 -8748.5 -0.213457 0.781389 -0.0612525 0.583195
-238.26 9.52338 -8756.34 -0.224558 0.7794 -0.073034 0.580324
-242.193 10.778 -8764.05 -0.235791 0.776074 -0.085669 0.578596
-246.405 11.9676 -8771.62 -0.247181 0.772327 -0.0987901 0.576761
-250.873 13.094 -8779.06 -0.258987 0.768083 -0.112673 0.574699
-255.607 14.1519 -8786.33 -0.270631 0.763538 -0.126692 0.572466
-260.64 15.1288 -8793.42 -0.282292 0.758652 -0.141028 0.569973
-265.928 16.0326 -8800.33 -0.294057 0.753408 -0.155776 0.567134
-271.467 16.861 -8807.05 -0.305583 0.747955 -0.170504 0.564013
-277.279 17.6029 -8813.54 -0.316951 0.742289 -0.185284 0.560552
-283.341 18.2607 -8819.81 -0.328119 0.736458 -0.20003 0.556737
-289.63 18.8383 -8825.86 -0.338687 0.730674 -0.214181 0.55275
-296.136 19.3352 -8831.68 -0.346858 0.725843 -0.22519 0.549664
-302.784 19.7826 -8837.35 -0.351255 0.72276 -0.231116 0.548473
-309.466 20.2265 -8842.98 -0.353072 0.72097 -0.233554 0.548629
-316.173 20.6686 -8848.58 -0.354393 0.71952 -0.235334 0.548921
-322.906 21.1086 -8854.14 -0.355625 0.718241 -0.236973 0.549095
-329.662 21.5459 -8859.68 -0.356831 0.71713 -0.238491 0.549107
-336.441 21.9802 -8865.19 -0.358043 0.716198 -0.239886 0.548926
-343.241 22.4114 -8870.68 -0.359292 0.715459 -0.241153 0.548519
-350.062 22.8391 -8876.14 -0.36164 0.717341 -0.24068 0.544713
-356.903 23.2633 -8881.57 -0.365794 0.723362 -0.237365 0.53535
-363.763 23.6838 -8886.98 -0.37117 0.732158 -0.231931 0.521905
-370.644 24.1002 -8892.36 -0.377129 0.742418 -0.225084 0.505891
-377.545 24.512 -8897.72 0.383249 -0.752842 0.217715 -0.488824
-384.465 24.9197 -8903.06 0.388982 -0.76236 0.210609 -0.472381
-391.403 25.323 -8908.37 0.39387 -0.77003 0.20464 -0.458304
-398.358 25.7221 -8913.66 0.397559 -0.774989 0.200751 -0.448373
-405.33 26.1169 -8918.93 0.399659 -0.776432 0.199873 -0.444384
-412.322 26.5065 -8924.17 0.400883 -0.775607 0.201062 -0.444185
-419.334 26.8907 -8929.38 0.401843 -0.774541 0.20244 -0.444553
-426.363 27.2703 -8934.58 0.402661 -0.773199 0.204066 -0.445403
-433.407 27.6453 -8939.75 0.403349 -0.771604 0.205922 -0.44669
-440.468 28.0154 -8944.9 0.404029 -0.769721 0.208089 -0.448317
-447.552 28.3788 -8950.01 0.404571 -0.767645 0.210417 -0.450298
-454.652 28.7374 -8955.11 0.40493 -0.765426 0.212847 -0.452604
-461.766 29.0912 -8960.19 0.405199 -0.763045 0.215418 -0.45516
-468.899 29.4393 -8965.24 0.405621 -0.760403 0.218314 -0.457819
-476.054 29.7804 -8970.26 0.40578 -0.757747 0.221153 -0.460709
-483.224 30.1165 -8975.26 0.405851 -0.755017 0.224033 -0.463728
-490.408 30.4477 -8980.24 0.405973 -0.752168 0.227057 -0.466769
-497.616 30.7711 -8985.18 0.406191 -0.74921 0.230235 -0.469772
-504.841 31.0885 -8990.1 0.406188 -0.746345 0.233228 -0.472848
-512.081 31.4009 -8995.0 0.406164 -0.743501 0.236203 -0.475863
-519.341 31.7061 -8999.87 0.406484 -0.740514 0.239459 -0.478612
-526.622 32.0039 -9004.71 0.406529 -0.737758 0.242372 -0.481355
-533.917 32.2963 -9009.52 0.406587 -0.735115 0.245171 -0.483926
-541.23 32.5822 -9014.31 0.407022 -0.732421 0.248186 -0.486103
-548.568 32.8591 -9019.07 0.407337 -0.729989 0.250883 -0.488109
-555.92 33.1305 -9023.8 0.407628 -0.727807 0.253311 -0.489867
-563.289 33.3954 -9028.5 0.408338 -0.725668 0.255884 -0.491111
-570.684 33.6503 -9033.17 0.409055 -0.72384 0.258135 -0.492033
-578.094 33.8994 -9037.81 0.40975 -0.722381 0.259988 -0.492623
-585.521 34.1419 -9042.43 0.410915 -0.721052 0.261925 -0.492573
-592.974 34.3734 -9047.0 0.41219 -0.720096 0.263501 -0.492067
-600.443 34.5989 -9051.54 0.413439 -0.719594 0.264582 -0.491172
-607.93 34.8173 -9056.06 0.415216 -0.719204 0.265773 -0.489598
-615.444 35.024 -9060.53 0.417072 -0.719174 0.266586 -0.487618
-622.974 35.2243 -9064.98 0.418875 -0.719572 0.266906 -0.485305
-630.522 35.4167 -9069.4 0.421296 -0.719996 0.26742 -0.482288
-638.098 35.5969 -9073.76 0.423706 -0.720799 0.267485 -0.47893
-645.69 35.7704 -9078.1 0.42606 -0.721996 0.267066 -0.475258
-653.303 35.9349 -9082.41 0.429119 -0.723125 0.26692 -0.470852
-660.944 36.0868 -9086.67 0.432048 -0.724661 0.266229 -0.466179
-668.6 36.2314 -9090.89 0.434968 -0.72652 0.265103 -0.461186
-676.28 36.3659 -9095.08 0.438619 -0.728242 0.264287 -0.455445
-683.987 36.4873 -9099.21 0.442085 -0.730357 0.262868 -0.449489
-691.711 36.6009 -9103.31 0.44555 -0.732737 0.261054 -0.443207
-699.459 36.703 -9107.37 0.449828 -0.735043 0.259412 -0.435972
-707.235 36.7916 -9111.38 0.453962 -0.737957 0.256876 -0.428197
-715.029 36.8717 -9115.35 0.458272 -0.741184 0.253833 -0.419763
-722.849 36.9388 -9119.27 0.463373 -0.744249 0.250923 -0.410387
-730.697 36.9918 -9123.13 0.468144 -0.747748 0.247209 -0.400752
-738.563 37.0354 -9126.95 0.473012 -0.751328 0.24316 -0.390689
-746.456 37.0647 -9130.72 0.47867 -0.754466 0.239417 -0.379915
-754.379 37.0789 -9134.43 0.483781 -0.757924 0.234972 -0.369182
-762.321 37.0827 -9138.09 0.488917 -0.761266 0.230362 -0.358283
-770.29 37.0712 -9141.7 0.494777 -0.763974 0.226211 -0.346941
-778.29 37.0428 -9145.24 0.500041 -0.766834 0.221573 -0.335901
-786.311 37.0029 -9148.73 0.50514 -0.769517 0.216877 -0.325025
-794.358 36.9472 -9152.15 0.511031 -0.77134 0.212874 -0.313952
-802.439 36.872 -9155.5 0.516282 -0.773206 0.208627 -0.303447
-810.541 36.784 -9158.8 0.521251 -0.774844 0.204486 -0.293427
-818.668 36.6802 -9162.03 0.526849 -0.775607 0.201131 -0.283568
-826.832 36.5534 -9165.16 0.532014 -0.776183 0.197939 -0.274447
-835.019 36.412 -9168.24 0.536752 -0.776551 0.195011 -0.266151
-843.228 36.2557 -9171.26 0.541853 -0.776142 0.192929 -0.258413
-851.477 36.0719 -9174.16 0.546935 -0.775196 0.191536 -0.251491
-859.75 35.8712 -9176.99 0.551323 -0.774171 0.190526 -0.24577
-868.047 35.6533 -9179.75 0.555695 -0.772565 0.190388 -0.241035
-876.377 35.4105 -9182.41 0.560705 -0.769869 0.191615 -0.237056
-884.738 35.1434 -9184.97 0.564667 -0.767275 0.193313 -0.23467
-893.123 34.8566 -9187.44 0.568498 -0.764262 0.195798 -0.23319
-901.533 34.5494 -9189.83 0.572787 -0.76055 0.199112 -0.23202
-909.981 34.208 -9192.07 0.5771 -0.756456 0.203016 -0.231333
-918.453 33.844 -9194.21 0.580905 -0.752383 0.207217 -0.231367
-926.948 33.4564 -9196.25 0.584689 -0.747951 0.212002 -0.23187
-935.47 33.042 -9198.18 0.589043 -0.742673 0.217727 -0.232508
-944.025 32.591 -9199.95 0.593096 -0.73722 0.223903 -0.233689
-952.601 32.1128 -9201.6 0.596825 -0.731602 0.230533 -0.235398
-961.199 31.6062 -9203.13 0.600524 -0.725562 0.237798 -0.237452
-969.817 31.0701 -9204.52 0.604464 -0.718842 0.24588 -0.239649
-978.463 30.4905 -9205.72 0.608467 -0.71156 0.254689 -0.242041
-987.124 29.8777 -9206.77 0.612015 -0.704135 0.263935 -0.244887
-995.8 29.2309 -9207.67 0.615452 -0.696243 0.273849 -0.247932
-1004.49 28.5484 -9208.4 0.618813 -0.687821 0.284459 -0.251109
-1013.19 27.8269 -9208.95 0.622114 -0.678394 0.296448 -0.254703
-1021.9 27.0565 -9209.28 0.624582 -0.668283 0.309848 -0.259402
-1030.6 26.2456 -9209.41 0.626402 -0.657381 0.324586 -0.264791
-1039.31 25.3926 -9209.35 0.627691 -0.645654 0.340525 -0.270512
-1048.0 24.4959 -9209.07 0.628473 -0.633174 0.357467 -0.276279
-1056.68 23.5539 -9208.58 -0.628774 0.620035 -0.375201 0.281824
-1065.34 22.5622 -9207.84 -0.628584 0.606404 -0.393459 0.286958
-1073.97 21.5151 -9206.82 -0.628114 0.592251 -0.412118 0.291325
-1082.55 20.4186 -9205.55 -0.627449 0.577703 -0.430936 0.294722
-1091.09 19.2717 -9204.03 -0.626672 0.562922 -0.449672 0.296977
-1099.56 18.0735 -9202.23 -0.625954 0.54801 -0.468108 0.297895
-1107.96 16.8233 -9200.16 -0.625449 0.533105 -0.486005 0.297341
-1116.29 15.5205 -9197.8 -0.625364 0.51831 -0.503136 0.295177
-1124.51 14.1652 -9195.15 -0.625879 0.50377 -0.519247 0.291333
-1132.62 12.7544 -9192.19 -0.626784 0.490147 -0.53374 0.28639
-1140.59 11.2882 -9188.9 -0.629181 0.476421 -0.547078 0.279033
-1148.42 9.77201 -9185.32 -0.632872 0.463206 -0.558641 0.269876
-1156.1 8.20716 -9181.44 -0.638077 0.450571 -0.568145 0.258948
-1163.62 6.59572 -9177.27 -0.645008 0.438563 -0.575292 0.246307
-1170.95 4.93971 -9172.8 -0.65366 0.427061 -0.580042 0.23216
-1178.1 3.24182 -9168.06 -0.663698 0.415894 -0.582641 0.216948
-1185.05 1.50473 -9163.04 -0.674873 0.404928 -0.583249 0.200998
-1191.79 -0.269609 -9157.75 -0.68683 0.394222 -0.581982 0.184798
-1198.27 -2.08229 -9152.17 -0.699584 0.383192 -0.579215 0.168096
-1204.54 -3.92416 -9146.35 -0.712662 0.372122 -0.575049 0.151514
-1210.58 -5.79208 -9140.31 -0.725801 0.360986 -0.569736 0.135288
-1216.4 -7.68301 -9134.06 -0.738746 0.349783 -0.563556 0.119627
-1221.99 -9.59406 -9127.62 -0.751245 0.338562 -0.556813 0.104717
-1227.35 -11.5244 -9120.98 -0.763556 0.326229 -0.549994 0.089794
-1232.43 -13.472 -9114.13 -0.774603 0.314833 -0.543138 0.0766284
-1237.31 -15.4308 -9107.14 -0.784583 0.303573 -0.536752 0.064584
-1241.98 -17.399 -9100.02 -0.793308 0.292562 -0.531209 0.0537378
-1246.45 -19.3754 -9092.76 -0.801156 0.280328 -0.526982 0.0430722
-1250.63 -21.3596 -9085.34 -0.807253 0.268884 -0.524297 0.0340067
-1254.64 -23.3472 -9077.82 -0.811327 0.258722 -0.523539 0.0267932
-1258.48 -25.3374 -9070.22 -0.814515 0.248428 -0.523878 0.0200299
-1262.08 -27.3295 -9062.5 -0.817572 0.237834 -0.524243 0.0134238
-1265.53 -29.3157 -9054.71 -0.819129 0.231485 -0.524732 0.00995333
-1268.89 -31.2951 -9046.88 -0.820171 0.225847 -0.525604 0.00722512
-1272.14 -33.261 -9039.01 -0.821089 0.219235 -0.527001 0.00442129
-1275.27 -35.211 -9031.08 -0.821227 0.213611 -0.529105 0.0023037
-1278.31 -37.1486 -9023.11 -0.820773 0.207968 -0.532053 0.000382581
-1281.26 -39.073 -9015.1 -0.819804 0.201619 -0.535975 -0.001635
-1284.06 -40.9761 -9007.04 -0.818159 0.194712 -0.541008 -0.00367762
-1286.76 -42.8623 -8998.93 -0.815442 0.188375 -0.547305 -0.00520576
-1289.34 -44.7314 -8990.79 -0.811731 0.181791 -0.554978 -0.0066149
-1291.8 -46.5822 -8982.6 -0.806885 0.17496 -0.564148 -0.00792076
-1294.12 -48.4079 -8974.36 -0.800873 0.167308 -0.57491 -0.00942378
-1296.29 -50.2099 -8966.09 -0.790323 0.160226 -0.591289 -0.00969282
-1298.34 -51.9889 -8957.77 -0.772387 0.153062 -0.616374 -0.00859979
-1300.25 -53.7435 -8949.42 -0.74687 0.145784 -0.64876 -0.0065537
-1302.01 -55.4718 -8941.03 -0.713483 0.138386 -0.68686 -0.0039311
-1303.62 -57.1702 -8932.6 -0.671948 0.130938 -0.728931 -0.00104051
-1305.06 -58.8344 -8924.13 -0.622116 0.123484 -0.773124 0.00180348
-1306.34 -60.4669 -8915.63 -0.564057 0.116024 -0.817533 0.00426842
-1307.46 -62.0661 -8907.11 -0.49809 0.108671 -0.860267 0.00612561
-1308.41 -63.6299 -8898.56 -0.424832 0.101575 -0.899527 0.00719447
-1309.2 -65.1565 -8889.98 -0.345215 0.094922 -0.933682 0.00736246
-1309.81 -66.6438 -8881.38 -0.260462 0.0888969 -0.96136 0.00657981
-1310.25 -68.0901 -8872.77 -0.172051 0.0836891 -0.981515 0.00484379
-1310.5 -69.4933 -8864.14 -0.0816422 0.0794614 -0.993487 0.00220837
-1310.57 -70.8519 -8855.5 0.0090221 0.0764317 -0.997034 -0.000913907
-1310.46 -72.1637 -8846.85 0.0981382 0.0745643 -0.992364 -0.00466339
-1310.16 -73.4264 -8838.2 0.183998 0.0738992 -0.980104 -0.00897106
-1309.67 -74.6389 -8829.55 0.265055 0.0744397 -0.961258 -0.0136874
-1309.0 -75.8007 -8820.91 0.339975 0.0761306 -0.937162 -0.01869
-1308.15 -76.9103 -8812.27 0.407681 0.0788654 -0.909398 -0.0238996
-1307.11 -77.9667 -8803.65 0.467361 0.0824954 -0.879722 -0.0292699
-1305.89 -78.9687 -8795.05 0.518455 0.0868347 -0.849971 -0.0348266
-1304.49 -79.9156 -8786.47 0.560612 0.091666 -0.821985 -0.0406502
-1302.92 -80.8066 -8777.91 0.593625 0.0967372 -0.797531 -0.0468679
-1301.17 -81.6413 -8769.38 0.617345 0.101777 -0.778232 -0.0536786
-1299.26 -82.4187 -8760.88 0.631588 0.106456 -0.765511 -0.0612872
-1297.18 -83.1378 -8752.41 0.636021 0.110429 -0.760519 -0.0699544
-1294.94 -83.7996 -8743.98 0.63528 0.113825 -0.759737 -0.0791427
-1292.54 -84.4043 -8735.59 0.634353 0.117003 -0.75904 -0.0881173
-1290.0 -84.9521 -8727.24 0.633256 0.119973 -0.758425 -0.0968764
-1287.32 -85.4435 -8718.93 0.63201 0.122721 -0.757888 -0.105396
-1284.5 -85.8789 -8710.66 0.630634 0.12523 -0.757435 -0.113627
-1281.55 -86.2589 -8702.44 0.629152 0.127469 -0.757076 -0.121474
-1278.48 -86.5844 -8694.25 0.627572 0.129481 -0.756793 -0.129047
-1275.3 -86.8561 -8686.11 0.625914 0.131251 -0.756585 -0.136321
-1272.01 -87.0749 -8678.01 0.624192 0.132793 -0.756449 -0.143301
-1268.61 -87.2418 -8669.95 0.622424 0.134105 -0.756381 -0.149976
-1265.12 -87.3577 -8661.93 0.620626 0.135181 -0.75638 -0.15633
-1261.53 -87.4239 -8653.95 0.618811 0.136041 -0.756438 -0.162377
-1257.87 -87.4412 -8646.01 0.616999 0.136672 -0.756558 -0.168088
-1254.13 -87.4109 -8638.1 0.615201 0.137088 -0.75673 -0.173475
-1250.32 -87.3341 -8630.23 0.613433 0.137297 -0.756951 -0.178534
-1246.45 -87.212 -8622.39 0.61171 0.137299 -0.757202 -0.183315
-1242.52 -87.0457 -8614.57 0.610047 0.137104 -0.757489 -0.187767
-1238.55 -86.8363 -8606.79 0.608459 0.136701 -0.757813 -0.191857
-1234.52 -86.5852 -8599.02 0.606961 0.136107 -0.758167 -0.195592
-1230.47 -86.2934 -8591.28 0.605562 0.135345 -0.758537 -0.198993
-1226.37 -85.961 -8583.55 0.604282 0.134395 -0.758925 -0.202024
-1222.26 -85.5899 -8575.85 0.60313 0.13328 -0.759319 -0.204707
-1218.12 -85.1817 -8568.15 0.602122 0.132002 -0.759713 -0.20703
-1213.97 -84.7375 -8560.46 0.601267 0.130577 -0.760094 -0.209008
-1209.82 -84.2585 -8552.78 0.600585 0.128995 -0.76046 -0.210616
-1205.66 -83.7459 -8545.1 0.600083 0.127279 -0.760797 -0.211868
-1201.5 -83.2006 -8537.42 0.59977 0.125458 -0.761095 -0.212769
-1197.36 -82.6237 -8529.74 0.599668 0.123496 -0.761348 -0.213298
-1193.23 -82.0165 -8522.06 0.599784 0.121427 -0.761534 -0.213497
-1189.12 -81.3799 -8514.36 0.600133 0.119245 -0.761643 -0.213355
-1185.04 -80.7151 -8506.65 0.600829 0.116976 -0.76159 -0.212844
-1180.99 -80.0231 -8498.93 0.601951 0.114648 -0.761303 -0.211964
-1176.98 -79.3049 -8491.19 0.603465 0.112252 -0.760805 -0.210726
-1173.01 -78.5618 -8483.43 0.605336 0.109768 -0.760121 -0.209128
-1169.09 -77.7947 -8475.65 0.607529 0.107191 -0.75927 -0.20719
-1165.23 -77.0047 -8467.84 0.610007 0.10451 -0.758273 -0.204919
-1161.42 -76.193 -8460.01 0.612734 0.101715 -0.757148 -0.202331
-1157.69 -75.3607 -8452.14 0.615677 0.0987896 -0.755918 -0.199427
-1154.02 -74.5089 -8444.24 0.618799 0.0957179 -0.754605 -0.196209
-1150.44 -73.6387 -8436.31 0.622064 0.09249 -0.753229 -0.192687
-1146.94 -72.7514 -8428.35 0.625436 0.0891012 -0.751808 -0.188877
-1143.53 -71.848 -8420.34 0.62888 0.085542 -0.750362 -0.184794
-1140.21 -70.9299 -8412.3 0.632366 0.0817579 -0.748926 -0.180385
-1137.0 -69.9982 -8404.22 0.635852 0.0777817 -0.747507 -0.175713
-1133.89 -69.0541 -8396.1 0.639304 0.0736103 -0.746128 -0.170781
-1130.9 -68.0991 -8387.93 0.642685 0.0692373 -0.74481 -0.165592
-1128.03 -67.1342 -8379.73 0.645959 0.0646728 -0.743571 -0.160177
-1125.28 -66.161 -8371.48 0.649093 0.0599087 -0.742436 -0.154526
-1122.65 -65.1806 -8363.19 0.65205 0.0549528 -0.741424 -0.148664
-1120.17 -64.1945 -8354.87 0.654797 0.0498093 -0.740559 -0.142592
-1117.82 -63.2041 -8346.5 0.6573 0.0444813 -0.739861 -0.136322
-1115.62 -62.2106 -8338.09 0.659522 0.038988 -0.739353 -0.129873
-1113.57 -61.2156 -8329.65 0.661432 0.0333428 -0.739056 -0.123256
-1111.67 -60.2203 -8321.17 0.662994 0.0275521 -0.738996 -0.116471
-1109.92 -59.2261 -8312.65 0.664176 0.0216342 -0.739192 -0.109533
-1108.34 -58.2345 -8304.11 0.664943 0.0156133 -0.739668 -0.102459
-1106.92 -57.2467 -8295.54 0.665263 0.00951401 -0.740447 -0.0952577
-1105.67 -56.2641 -8286.93 0.665091 0.00333299 -0.74156 -0.0879261
-1104.58 -55.2879 -8278.31 0.664433 -0.00297964 -0.74301 -0.0803576
-1103.67 -54.3194 -8269.67 0.663327 -0.00931075 -0.744736 -0.0726631
-1102.92 -53.3598 -8261.0 0.661815 -0.0156279 -0.746693 -0.0648583
-1102.35 -52.4101 -8252.33 0.659938 -0.0219068 -0.748837 -0.0569572
-1101.94 -51.4715 -8243.64 0.65774 -0.0281188 -0.751125 -0.0489678
-1101.71 -50.5448 -8234.95 0.655265 -0.0342344 -0.753513 -0.040921
-1101.65 -49.631 -8226.25 0.652557 -0.0402354 -0.755958 -0.032825
-1101.76 -48.7309 -8217.55 0.649671 -0.0460448 -0.758392 -0.0254628
-1102.02 -47.834 -8208.85 0.646673 -0.0515546 -0.760758 -0.0200897
-1102.39 -46.9111 -8200.16 0.643629 -0.0566752 -0.763038 -0.0173926
-1102.82 -45.9364 -8191.48 0.640583 -0.0614238 -0.765258 -0.0161489
-1103.33 -44.9063 -8182.81 0.637568 -0.0658792 -0.767427 -0.0149232
-1103.9 -43.8282 -8174.15 0.634614 -0.0702345 -0.769509 -0.0136839
-1104.53 -42.7063 -8165.5 0.631781 -0.0743786 -0.77147 -0.0124626
-1105.21 -41.5428 -8156.85 0.629116 -0.0783181 -0.773273 -0.0112688
-1105.94 -40.3399 -8148.22 0.626668 -0.0820692 -0.774887 -0.0101056
-1106.73 -39.0996 -8139.6 0.624485 -0.0856362 -0.776276 -0.00898724
-1107.57 -37.8213 -8130.99 0.622601 -0.0891403 -0.777406 -0.00789568
-1108.46 -36.5023 -8122.38 0.621088 -0.0923892 -0.778246 -0.00688244
-1109.39 -35.1515 -8113.79 0.619982 -0.0954897 -0.778761 -0.00593987
-1110.37 -33.7702 -8105.21 0.61933 -0.0984487 -0.778918 -0.00507773
-1111.39 -32.36 -8096.64 0.618979 -0.10128 -0.778839 -0.00427564
-1112.44 -30.9213 -8088.08 0.618716 -0.104149 -0.778673 -0.00346082
-1113.55 -29.4478 -8079.52 0.618566 -0.106824 -0.778432 -0.00270704
-1114.69 -27.9494 -8070.98 0.618518 -0.10931 -0.778128 -0.00200964
-1115.86 -26.4274 -8062.45 0.618547 -0.111697 -0.777767 -0.00135066
-1117.06 -24.8826 -8053.92 0.618642 -0.113993 -0.777359 -0.000719722
-1118.31 -23.3111 -8045.41 0.618742 -0.116486 -0.77691 -2.53416e-005
-1119.59 -21.7152 -8036.9 0.618935 -0.118591 -0.776438 0.000554607
-1120.89 -20.0998 -8028.41 0.619158 -0.120619 -0.775947 0.00110947
-1122.23 -18.4656 -8019.92 0.619398 -0.122578 -0.775447 0.0016438
-1123.59 -16.81 -8011.44 0.619592 -0.124756 -0.774943 0.00225878
-1124.99 -15.1325 -8002.97 0.619834 -0.126571 -0.774453 0.00276703
-1126.41 -13.4387 -7994.51 0.620061 -0.128309 -0.773983 0.00325925
-1127.86 -11.7295 -7986.05 0.62026 -0.129986 -0.773542 0.00374307
-1129.34 -10.0014 -7977.61 0.620356 -0.131921 -0.773134 0.00432889
-1130.84 -8.2554 -7969.17 0.620465 -0.133463 -0.772779 0.00479759
-1132.37 -6.49602 -7960.74 0.62051 -0.134952 -0.772482 0.00527001
-1133.91 -4.72374 -7952.31 0.620461 -0.136479 -0.772249 0.00577653
-1135.49 -2.93354 -7943.9 0.620296 -0.138092 -0.772091 0.0063386
-1137.08 -1.1302 -7935.49 0.620082 -0.139408 -0.772022 0.0068231
-1138.7 0.684225 -7927.08 0.618523 -0.140672 -0.773035 0.00754448
-1140.33 2.51058 -7918.69 0.6144 -0.142077 -0.776047 0.00881249
-1141.99 4.35234 -7910.3 0.607861 -0.143276 -0.78094 0.0104867
-1143.66 6.20359 -7901.92 0.598964 -0.144277 -0.787571 0.0125589
-1145.36 8.06417 -7893.54 0.587724 -0.145239 -0.795776 0.0150895
-1147.07 9.9374 -7885.17 0.574162 -0.146221 -0.805375 0.018112
-1148.8 11.8207 -7876.8 0.558404 -0.146821 -0.816192 0.021426
-1150.55 13.7118 -7868.44 0.540431 -0.147255 -0.828022 0.0251154
-1152.32 15.612 -7860.09 0.520232 -0.147705 -0.840645 0.0292895
-1154.1 17.5226 -7851.74 0.497937 -0.147774 -0.853865 0.0337111
-1155.9 19.4401 -7843.4 0.473566 -0.147554 -0.86746 0.0384081
-1157.71 21.3639 -7835.06 0.447139 -0.147182 -0.881201 0.0434709
-1159.54 23.2979 -7826.73 0.418748 -0.146533 -0.894873 0.0487995
-1161.39 25.2376 -7818.4 0.388509 -0.145455 -0.908274 0.0542405
-1163.24 27.1827 -7810.08 0.356472 -0.144109 -0.921179 0.0599151
-1165.12 29.1353 -7801.76 0.32273 -0.14253 -0.933378 0.0658543
-1167.0 31.0936 -7793.45 0.287479 -0.140453 -0.944713 0.0717357
-1168.9 33.0563 -7785.14 0.250813 -0.138035 -0.954989 0.0776908
-1170.81 35.0244 -7776.83 0.212849 -0.135382 -0.96402 0.0838589
-1172.74 36.9979 -7768.53 0.173827 -0.132261 -0.971707 0.0898711
-1174.67 38.9747 -7760.23 0.133894 -0.128784 -0.977911 0.0958006
-1176.62 40.9553 -7751.94 0.0932104 -0.125026 -0.982507 0.101782
-1178.58 42.9406 -7743.65 0.0520108 -0.1209 -0.985447 0.107578
-1180.55 44.9284 -7735.36 0.0104967 -0.11644 -0.986676 0.113142
-1182.52 46.9186 -7727.07 -0.0311518 -0.11172 -0.986143 0.118617
-1184.52 48.9124 -7718.79 -0.0727102 -0.106728 -0.983859 0.123873
-1186.52 50.908 -7710.52 -0.113959 -0.101486 -0.979862 0.12878
-1188.53 52.9053 -7702.24 -0.154716 -0.0960462 -0.974178 0.133478
-1190.55 54.9044 -7693.97 -0.194781 -0.0904286 -0.966878 0.137949
-1192.58 56.9045 -7685.7 -0.233946 -0.0846863 -0.958091 0.141981
-1194.61 58.9055 -7677.43 -0.272051 -0.0788593 -0.947909 0.145734
-1196.66 60.9071 -7669.16 -0.308932 -0.0729422 -0.936461 0.149272
-1198.72 62.9089 -7660.9 -0.344417 -0.0670469 -0.923943 0.152355
-1200.78 64.9106 -7652.64 -0.378379 -0.061192 -0.910508 0.155117
-1202.85 66.9118 -7644.38 -0.410699 -0.0553581 -0.896331 0.157651
-1204.93 68.9121 -7636.12 -0.441259 -0.0496737 -0.881637 0.159808
-1207.01 70.9114 -7627.87 -0.46997 -0.0441643 -0.866629 0.161654
-1209.1 72.9095 -7619.61 -0.496757 -0.0387951 -0.851509 0.163277
-1211.2 74.9051 -7611.36 -0.521552 -0.0336749 -0.836512 0.164614
-1213.31 76.8988 -7603.11 -0.54554 -0.0286137 -0.821038 0.165724
-1215.42 78.8906 -7594.85 -0.569832 -0.0233181 -0.804336 0.166705
-1217.53 80.8786 -7586.6 -0.594257 -0.0178117 -0.786435 0.167517
-1219.65 82.8636 -7578.35 -0.618649 -0.0122236 -0.767376 0.168102
-1221.78 84.8456 -7570.1 -0.64285 -0.00650609 -0.747203 0.168492
-1223.91 86.8232 -7561.85 -0.666707 -0.000617179 -0.725985 0.168663
-1226.05 88.7959 -7553.6 -0.690079 0.00523958 -0.703804 0.168591
-1228.19 90.7648 -7545.35 -0.712834 0.0111204 -0.68075 0.168297
-1230.34 92.7289 -7537.1 -0.73485 0.0170731 -0.656933 0.167762
-1232.49 94.6859 -7528.85 -0.75602 0.022954 -0.632473 0.166989
-1234.64 96.6377 -7520.6 -0.776249 0.0287314 -0.607499 0.166001
-1236.79 98.5843 -7512.35 -0.795458 0.0344408 -0.582154 0.164794
-1238.95 100.522 -7504.1 -0.813581 0.0400745 -0.556596 0.163343
-1241.12 102.454 -7495.85 -0.830568 0.0454809 -0.530968 0.161743
-1243.28 104.378 -7487.6 -0.846384 0.0507067 -0.505441 0.159974
-1245.45 106.295 -7479.34 -0.86101 0.0557898 -0.480195 0.157993
-1247.62 108.2 -7471.08 -0.874437 0.0606147 -0.455387 0.155909
-1249.79 110.098 -7462.83 -0.886673 0.0651668 -0.431191 0.15375
-1251.96 111.988 -7454.57 -0.897737 0.0694601 -0.407785 0.151507
-1254.13 113.866 -7446.3 -0.907667 0.073513 -0.385365 0.149101
-1256.3 115.732 -7438.04 -0.916489 0.0772176 -0.364063 0.146775
-1258.48 117.588 -7429.77 -0.924257 0.0806126 -0.344067 0.144458
-1260.65 119.434 -7421.5 -0.931025 0.0836981 -0.325552 0.14214
-1262.82 121.265 -7413.23 -0.936851 0.0864619 -0.308689 0.139803
-1264.99 123.082 -7404.95 -0.941781 0.0888604 -0.293606 0.13765
-1267.16 124.887 -7396.67 -0.945875 0.0909061 -0.280479 0.135604
-1269.33 126.679 -7388.39 -0.949182 0.0926102 -0.269458 0.133676
-1271.5 128.453 -7380.11 -0.951751 0.0939567 -0.260705 0.131812
-1273.66 130.211 -7371.82 -0.953598 0.0949147 -0.254329 0.130227
-1275.82 131.953 -7363.52 -0.954745 0.0955066 -0.250482 0.128841
-1277.98 133.679 -7355.22 -0.955191 0.095722 -0.249298 0.127665
-1280.14 135.386 -7346.92 -0.955193 0.0956817 -0.249906 0.126483
-1282.29 137.07 -7338.61 -0.954997 0.0955277 -0.251242 0.125427
-1284.43 138.735 -7330.29 -0.954626 0.0952736 -0.253265 0.124376
-1286.57 140.38 -7321.97 -0.954092 0.0949266 -0.255913 0.123313
-1288.7 142.004 -7313.65 -0.953406 0.0944978 -0.259126 0.12223
-1290.83 143.602 -7305.31 -0.952587 0.0939955 -0.262854 0.121038
-1292.95 145.172 -7296.97 -0.951634 0.0934218 -0.26701 0.119876
-1295.06 146.718 -7288.63 -0.950565 0.092794 -0.271544 0.118656
-1297.16 148.237 -7280.27 -0.949391 0.0921257 -0.276394 0.117368
-1299.26 149.727 -7271.91 -0.948127 0.0914211 -0.281499 0.115996
-1301.34 151.188 -7263.54 -0.946787 0.0906869 -0.286799 0.114525
-1303.41 152.614 -7255.17 -0.945385 0.0899287 -0.292226 0.112981
-1305.47 154.003 -7246.78 -0.94394 0.0891632 -0.29773 0.11128
-1307.51 155.356 -7238.38 -0.942471 0.0883875 -0.303248 0.109437
-1309.54 156.671 -7229.98 -0.940997 0.0876173 -0.308717 0.107435
-1311.56 157.946 -7221.56 -0.939538 0.086855 -0.314081 0.105253
-1313.56 159.178 -7213.13 -0.938117 0.0861128 -0.319278 0.102875
-1315.54 160.364 -7204.7 -0.936757 0.0853893 -0.324252 0.100278
-1317.49 161.5 -7196.25 -0.935483 0.0846914 -0.328943 0.0974406
-1319.43 162.584 -7187.79 -0.934321 0.0840181 -0.333294 0.0943369
-1321.34 163.611 -7179.31 -0.933295 0.0833812 -0.337243 0.0909686
-1323.23 164.578 -7170.83 -0.93243 0.0827806 -0.340727 0.0873289
-1325.09 165.479 -7162.33 -0.931757 0.0822057 -0.3437 0.0833137
-1326.91 166.31 -7153.81 -0.931301 0.0816567 -0.346102 0.0788908
-1328.71 167.065 -7145.29 -0.931087 0.0811229 -0.347875 0.0740151
-1330.46 167.737 -7136.74 -0.93114 0.0805983 -0.348957 0.0686382
-1332.17 168.321 -7128.19 -0.931362 0.080315 -0.34955 0.0626909
-1333.84 168.805 -7119.61 -0.931594 0.0809158 -0.349892 0.0562235
-1335.5 169.169 -7111.03 -0.931794 0.0826343 -0.350008 0.049246
-1337.14 169.399 -7102.44 -0.931986 0.0848526 -0.34992 0.0419319
-1338.78 169.493 -7093.85 -0.932176 0.0872597 -0.349691 0.0339228
-1340.4 169.446 -7085.26 -0.932353 0.0897187 -0.3493 0.0256374
-1342.02 169.234 -7076.66 -0.932503 0.0922294 -0.34877 0.017084
-1343.62 168.869 -7068.07 -0.932611 0.0947665 -0.34812 0.00826687
-1345.21 168.349 -7059.49 -0.932657 0.0973489 -0.347381 -0.000891307
-1346.79 167.67 -7050.91 -0.932627 0.0999563 -0.346567 -0.010332
-1348.35 166.8 -7042.35 -0.932509 0.102575 -0.345697 -0.0199843
-1349.89 165.763 -7033.8 -0.932243 0.105342 -0.344825 -0.0303721
-1351.42 164.552 -7025.27 -0.931894 0.107977 -0.34391 -0.0405096
-1352.92 163.14 -7016.77 -0.931372 0.110702 -0.343023 -0.0512438
-1354.41 161.556 -7008.3 -0.930701 0.113414 -0.342161 -0.0621173
-1355.87 159.762 -6999.87 -0.929873 0.116095 -0.341343 -0.0730973
-1357.31 157.789 -6991.47 -0.928841 0.118809 -0.340601 -0.0844392
-1358.73 155.605 -6983.12 -0.927648 0.121458 -0.33994 -0.0956989
-1360.12 153.239 -6974.81 -0.926265 0.124077 -0.339389 -0.107015
-1361.48 150.662 -6966.56 -0.924662 0.12669 -0.338969 -0.118528
-1362.81 147.898 -6958.37 -0.92291 0.129195 -0.338694 -0.129738
-1364.11 144.946 -6950.24 -0.920947 0.131687 -0.338594 -0.140954
-1365.38 141.797 -6942.18 -0.917391 0.134727 -0.342597 -0.151228
-1366.62 138.471 -6934.19 -0.910807 0.139092 -0.35419 -0.160107
-1367.83 134.975 -6926.26 -0.901154 0.144877 -0.37268 -0.167456
-1369.01 131.308 -6918.41 -0.888346 0.152003 -0.397336 -0.172803
-1370.15 127.484 -6910.63 -0.872039 0.160538 -0.427345 -0.176497
-1371.27 123.517 -6902.91 -0.85201 0.170299 -0.461876 -0.178177
-1372.35 119.419 -6895.26 -0.828003 0.181077 -0.500057 -0.177665
-1373.4 115.203 -6887.67 -0.799802 0.192583 -0.540986 -0.17482
-1374.43 110.884 -6880.13 -0.767276 0.204435 -0.583762 -0.16946
-1375.43 106.479 -6872.64 -0.730333 0.216284 -0.627456 -0.161659
-1376.41 102.004 -6865.19 -0.689027 0.227679 -0.671173 -0.151431
-1377.36 97.4782 -6857.77 -0.64351 0.238188 -0.714054 -0.138882
-1378.3 92.9222 -6850.36 -0.594079 0.247317 -0.755304 -0.124175
-1379.22 88.3571 -6842.95 -0.541128 0.25464 -0.794207 -0.107579
-1380.13 83.8053 -6835.54 -0.485183 0.259716 -0.830146 -0.0894531
-1381.03 79.2908 -6828.1 -0.426845 0.262218 -0.862621 -0.0702093
-1381.93 74.8389 -6820.63 -0.366819 0.261849 -0.89126 -0.0503415
-1382.82 70.4762 -6813.1 -0.30586 0.258425 -0.91583 -0.0303691
-1383.72 66.2306 -6805.5 -0.244777 0.25186 -0.936233 -0.0108512
-1384.62 62.1312 -6797.83 -0.184403 0.242168 -0.952518 0.00767415
-1385.54 58.2079 -6790.07 -0.125576 0.229453 -0.964868 0.0247223
-1386.46 54.4914 -6782.2 -0.0691277 0.213949 -0.973582 0.0398263
-1387.41 51.012 -6774.23 -0.0158662 0.196015 -0.979059 0.0526262
-1388.37 47.7995 -6766.16 0.0334306 0.176061 -0.9818 0.0628762
-1389.36 44.8826 -6757.97 0.0780269 0.154551 -0.982374 0.0704771
-1390.37 42.293 -6749.68 0.117229 0.131974 -0.9814 0.0754611
-1391.41 40.0449 -6741.29 0.150387 0.108833 -0.979517 0.0780054
-1392.47 38.1541 -6732.81 0.176892 0.0855919 -0.977362 0.0784006
-1393.56 36.6316 -6724.27 0.19617 0.0626929 -0.975523 0.0770805
-1394.67 35.4812 -6715.67 0.20767 0.0405032 -0.974513 0.0745509
-1395.81 34.7016 -6707.03 0.210843 0.0193331 -0.974719 0.0713744
-1396.96 34.2852 -6698.38 0.208948 -0.000826451 -0.975551 0.0681234
-1398.14 34.2356 -6689.71 0.20564 -0.0201552 -0.976255 0.0650584
-1399.33 34.5267 -6681.05 0.200947 -0.0389235 -0.976849 0.0622126
-1400.54 35.1369 -6672.41 0.194957 -0.0565488 -0.977356 0.05974
-1401.76 36.0437 -6663.79 0.187722 -0.0730608 -0.977801 0.0576828
-1402.99 37.259 -6655.22 0.178961 -0.090202 -0.97798 0.0582473
-1404.3 38.7641 -6646.7 0.16837 -0.108563 -0.9777 0.0629901
-1405.78 40.6047 -6638.28 0.155755 -0.128494 -0.976799 0.0713635
-1407.43 42.7603 -6629.97 0.142021 -0.145602 -0.975846 0.0797138
-1409.23 45.1884 -6621.76 0.126977 -0.161894 -0.974604 0.0883962
-1411.16 47.8798 -6613.67 0.111205 -0.175238 -0.973451 0.0965298
-1413.21 50.7945 -6605.68 0.094282 -0.18804 -0.971961 0.105091
-1415.35 53.9181 -6597.79 0.076807 -0.198276 -0.970555 0.113186
-1417.59 57.2327 -6590.02 0.0583969 -0.207823 -0.968822 0.121589
-1419.9 60.704 -6582.33 0.0394434 -0.215555 -0.96703 0.129747
-1422.28 64.3474 -6574.74 0.0198628 -0.222068 -0.965028 0.137888
-1424.71 68.1197 -6567.23 -0.000399801 -0.227806 -0.962674 0.146159
-1427.19 72.0131 -6559.8 -0.0211 -0.232156 -0.960138 0.154248
-1429.72 76.0341 -6552.46 -0.042315 -0.235595 -0.957263 0.162334
-1432.28 80.1529 -6545.18 -0.064011 -0.23821 -0.954001 0.170414
-1434.88 84.3631 -6537.96 -0.0860886 -0.239875 -0.950384 0.178376
-1437.49 88.6649 -6530.81 -0.108552 -0.240782 -0.94633 0.186282
-1440.13 93.0471 -6523.72 -0.131357 -0.240974 -0.941807 0.194105
-1442.78 97.4993 -6516.67 -0.154421 -0.240367 -0.936843 0.20175
-1445.44 102.015 -6509.67 -0.177756 -0.239181 -0.931337 0.2093
-1448.12 106.592 -6502.71 -0.201302 -0.237396 -0.925289 0.216705
-1450.79 111.229 -6495.79 -0.225016 -0.235053 -0.918676 0.223948
-1453.46 115.914 -6488.9 -0.248842 -0.232126 -0.911504 0.230987
-1456.14 120.643 -6482.05 -0.272729 -0.228624 -0.903778 0.23777
-1458.8 125.413 -6475.22 -0.296663 -0.22477 -0.895411 0.244353
-1461.46 130.219 -6468.41 -0.320585 -0.220489 -0.886435 0.250685
-1464.1 135.063 -6461.62 -0.344448 -0.21582 -0.876845 0.256748
-1466.73 139.937 -6454.85 -0.368207 -0.210793 -0.866645 0.262519
-1469.35 144.837 -6448.1 -0.39182 -0.205394 -0.855848 0.267984
-1471.94 149.761 -6441.35 -0.415244 -0.199669 -0.844457 0.273125
-1474.52 154.705 -6434.61 -0.438433 -0.193741 -0.832468 0.277918
-1477.07 159.668 -6427.87 -0.461343 -0.187629 -0.819903 0.282342
-1479.59 164.645 -6421.13 -0.483937 -0.181332 -0.806787 0.286389
-1482.08 169.636 -6414.4 -0.506179 -0.17489 -0.793135 0.290056
-1484.54 174.636 -6407.65 -0.528028 -0.168342 -0.778984 0.293311
-1486.97 179.643 -6400.91 -0.549463 -0.16168 -0.764339 0.296202
-1489.35 184.654 -6394.15 -0.570452 -0.154941 -0.749225 0.29873
-1491.7 189.667 -6387.37 -0.590954 -0.148196 -0.733696 0.300836
-1494.01 194.679 -6380.59 -0.610924 -0.141557 -0.717822 0.302432
-1496.27 199.688 -6373.78 -0.630356 -0.134991 -0.701618 0.303582
-1498.49 204.689 -6366.96 -0.649228 -0.128536 -0.68512 0.304289
-1500.65 209.681 -6360.11 -0.667521 -0.122232 -0.668368 0.304564
-1502.75 214.661 -6353.23 -0.685223 -0.116089 -0.651414 0.304388
-1504.8 219.625 -6346.33 -0.702326 -0.110111 -0.634254 0.303867
-1506.79 224.571 -6339.39 -0.718817 -0.104331 -0.616948 0.302972
-1508.72 229.497 -6332.42 -0.734679 -0.0988446 -0.599589 0.301613
-1510.58 234.398 -6325.42 -0.749902 -0.0937696 -0.582293 0.299649
-1512.37 239.271 -6318.38 -0.764496 -0.0890437 -0.565033 0.297245
-1514.07 244.11 -6311.3 -0.778465 -0.0846899 -0.547854 0.294409
-1515.7 248.912 -6304.17 -0.791811 -0.0807408 -0.53081 0.291129
-1517.24 253.674 -6297.0 -0.804539 -0.0771841 -0.513909 0.287502
-1518.7 258.393 -6289.78 -0.816654 -0.0739601 -0.497154 0.283626
-1520.06 263.064 -6282.51 -0.828172 -0.0713554 -0.480774 0.279097
-1521.33 267.682 -6275.19 -0.839105 -0.0693345 -0.464764 0.274025
-1522.49 272.239 -6267.81 -0.849464 -0.0678474 -0.449117 0.268519
-1523.53 276.728 -6260.38 -0.859261 -0.0669197 -0.433876 0.262571
-1524.46 281.146 -6252.89 -0.868507 -0.0665056 -0.419049 0.256263
-1525.27 285.49 -6245.34 -0.877006 -0.0666758 -0.405076 0.249658
-1525.95 289.753 -6237.73 -0.884547 -0.067958 -0.392832 0.242158
-1526.5 293.924 -6230.06 -0.891039 -0.0701885 -0.382535 0.234073
-1526.9 297.988 -6222.33 -0.89641 -0.0734033 -0.374531 0.22536
-1527.15 301.949 -6214.53 -0.900578 -0.0775605 -0.369138 0.216056
-1527.24 305.797 -6206.68 -0.903464 -0.0826933 -0.366723 0.205983
-1527.18 309.527 -6198.77 -0.904961 -0.0889036 -0.367665 0.194841
-1526.94 313.113 -6190.79 -0.904276 -0.0963038 -0.373739 0.182565
-1526.52 316.555 -6182.76 -0.901123 -0.10474 -0.385301 0.168966
-1525.91 319.85 -6174.69 -0.896096 -0.113537 -0.400418 0.15423
-1525.13 322.989 -6166.56 -0.88986 -0.122344 -0.417229 0.138208
-1524.13 325.943 -6158.39 -0.883181 -0.130644 -0.43382 0.121341
-1522.92 328.712 -6150.18 -0.876968 -0.138174 -0.448365 0.103944
-1521.52 331.296 -6141.94 -0.87224 -0.144802 -0.459089 0.0864112
-1519.91 333.687 -6133.68 -0.868523 -0.150827 -0.467136 0.0685774
-1518.06 335.848 -6125.41 -0.864678 -0.156449 -0.474691 0.0502467
-1516.0 337.792 -6117.14 -0.860781 -0.161659 -0.481591 0.0315134
-1513.72 339.519 -6108.87 -0.856922 -0.166395 -0.487686 0.0126281
-1511.24 341.024 -6100.62 -0.853189 -0.170756 -0.492817 -0.00658633
-1508.51 342.269 -6092.4 -0.849671 -0.174729 -0.496851 -0.0258483
-1505.58 343.278 -6084.23 -0.846463 -0.178362 -0.499659 -0.0450442
-1502.45 344.053 -6076.1 -0.843673 -0.181588 -0.50122 -0.0634073
-1499.11 344.594 -6068.03 -0.841368 -0.184708 -0.501264 -0.0819573
-1495.58 344.891 -6060.03 -0.839641 -0.18772 -0.499756 -0.100043
-1491.85 344.933 -6052.13 -0.838426 -0.19135 -0.496533 -0.11782
-1487.92 344.749 -6044.31 -0.837159 -0.197059 -0.491859 -0.135676
-1483.75 344.355 -6036.63 -0.835518 -0.204854 -0.486427 -0.152751
-1479.33 343.768 -6029.11 -0.833841 -0.213162 -0.480375 -0.168853
-1474.69 343.004 -6021.74 -0.832353 -0.221016 -0.473939 -0.183634
-1469.84 342.077 -6014.52 -0.831038 -0.22848 -0.467208 -0.197205
-1464.82 340.999 -6007.44 -0.82992 -0.235465 -0.460359 -0.209422
-1459.63 339.783 -6000.51 -0.828983 -0.242021 -0.45347 -0.220402
-1454.29 338.44 -5993.7 -0.828207 -0.24819 -0.446601 -0.230265
-1448.83 336.982 -5987.03 -0.827581 -0.253978 -0.439811 -0.239105
-1443.25 335.416 -5980.48 -0.827078 -0.259436 -0.433136 -0.24704
-1437.57 333.753 -5974.04 -0.826651 -0.264647 -0.426544 -0.254304
-1431.79 332.0 -5967.71 -0.826285 -0.269614 -0.420085 -0.26094
-1425.93 330.163 -5961.49 -0.825978 -0.274308 -0.413828 -0.26695
-1419.99 328.251 -5955.35 -0.825707 -0.278748 -0.407797 -0.272415
-1413.99 326.267 -5949.31 -0.825457 -0.282928 -0.402026 -0.277394
-1407.92 324.218 -5943.35 -0.82521 -0.286859 -0.396538 -0.281954
-1401.8 322.109 -5937.48 -0.824949 -0.290542 -0.391364 -0.286146
-1395.62 319.943 -5931.67 -0.824656 -0.29398 -0.386528 -0.290025
-1389.4 317.723 -5925.94 -0.824323 -0.29715 -0.382062 -0.293635
-1383.12 315.445 -5920.29 -0.823918 -0.300092 -0.377968 -0.297058
-1376.81 313.121 -5914.69 -0.823443 -0.302762 -0.374305 -0.300287
-1370.47 310.755 -5909.16 -0.822877 -0.305169 -0.371091 -0.303376
-1364.09 308.35 -5903.68 -0.822204 -0.307308 -0.368349 -0.306367
-1357.68 305.907 -5898.25 -0.821411 -0.30917 -0.366115 -0.309286
-1351.24 303.421 -5892.88 -0.818552 -0.309306 -0.368398 -0.313983
-1344.77 300.899 -5887.55 -0.811993 -0.305866 -0.379233 -0.321396
-1338.28 298.346 -5882.27 -0.801604 -0.29903 -0.397677 -0.331459
-1331.77 295.764 -5877.03 -0.787152 -0.288793 -0.422856 -0.343778
-1325.25 293.153 -5871.83 -0.768258 -0.275212 -0.453643 -0.358113
-1318.69 290.507 -5866.67 -0.744647 -0.258038 -0.489313 -0.373484
-1312.13 287.837 -5861.55 -0.715914 -0.237349 -0.528683 -0.389393
-1305.55 285.144 -5856.46 -0.681739 -0.21324 -0.570516 -0.405305
-1298.95 282.427 -5851.39 -0.641926 -0.18587 -0.613407 -0.420851
-1292.34 279.681 -5846.37 -0.596462 -0.155347 -0.656468 -0.434914
-1285.72 276.916 -5841.36 -0.545444 -0.122047 -0.698399 -0.447028
-1279.09 274.133 -5836.38 -0.489194 -0.086373 -0.737956 -0.456783
-1272.45 271.327 -5831.43 -0.42829 -0.0487268 -0.773881 -0.464007
-1265.79 268.5 -5826.51 -0.363289 -0.00980069 -0.805723 -0.467691
-1259.14 265.658 -5821.6 -0.295105 0.0298461 -0.832458 -0.468013
-1252.47 262.801 -5816.7 -0.224795 0.0696908 -0.853447 -0.465015
-1245.8 259.92 -5811.84 -0.153352 0.108998 -0.868538 -0.458524
-1239.12 257.026 -5806.98 -0.0818401 0.147065 -0.877684 -0.448714
-1232.44 254.12 -5802.14 -0.0114937 0.183486 -0.880929 -0.436079
-1225.75 251.195 -5797.32 0.056576 0.217824 -0.878687 -0.421023
-1219.07 248.256 -5792.51 0.121575 0.249383 -0.87171 -0.403918
-1212.37 245.307 -5787.71 0.182462 0.278061 -0.860677 -0.385518
-1205.68 242.343 -5782.92 0.238359 0.303818 -0.846499 -0.366496
-1198.99 239.366 -5778.15 0.288916 0.326164 -0.830333 -0.347407
-1192.29 236.379 -5773.38 0.333492 0.345266 -0.813207 -0.329043
-1185.6 233.381 -5768.61 0.371589 0.361341 -0.796239 -0.312021
-1178.9 230.37 -5763.86 0.40312 0.374189 -0.780554 -0.297007
-1172.21 227.35 -5759.1 0.427775 0.384011 -0.767164 -0.28461
-1165.51 224.322 -5754.36 0.447999 0.392066 -0.755377 -0.273838
-1158.82 221.281 -5749.61 0.466694 0.399238 -0.743879 -0.263534
-1152.14 218.233 -5744.87 0.48393 0.405621 -0.732739 -0.253728
-1145.45 215.178 -5740.13 0.499697 0.411408 -0.722046 -0.244327
-1138.77 212.112 -5735.38 0.514183 0.416515 -0.711822 -0.235459
-1132.09 209.04 -5730.64 0.527451 0.421022 -0.702096 -0.227149
-1125.42 205.962 -5725.9 0.539544 0.425028 -0.692957 -0.219214
-1118.75 202.874 -5721.15 0.550572 0.428527 -0.684366 -0.211844
-1112.09 199.781 -5716.4 0.56059 0.431587 -0.676333 -0.205047
-1105.44 196.682 -5711.64 0.569691 0.434213 -0.668941 -0.198568
-1098.79 193.576 -5706.88 0.577924 0.436461 -0.662114 -0.192641
-1092.15 190.466 -5702.11 0.585313 0.438413 -0.655845 -0.187271
-1085.52 187.351 -5697.34 0.592012 0.439967 -0.650213 -0.182138
-1078.89 184.23 -5692.55 0.597997 0.44126 -0.645113 -0.177534
-1072.28 181.105 -5687.76 0.603294 0.442353 -0.640532 -0.173431
-1065.67 177.977 -5682.96 0.608095 0.443069 -0.636542 -0.169484
-1059.07 174.844 -5678.14 0.612304 0.443629 -0.633017 -0.166034
-1052.49 171.708 -5673.31 0.615962 0.444058 -0.629944 -0.163014
-1045.91 168.569 -5668.47 0.619309 0.444096 -0.627395 -0.160035
-1039.35 165.427 -5663.62 0.622165 0.444071 -0.625222 -0.15751
-1032.8 162.284 -5658.75 -0.624582 -0.44398 0.623415 0.155348
-1026.26 159.138 -5653.86 -0.626852 -0.44348 0.622042 0.153125
-1019.74 155.99 -5648.96 -0.628707 -0.443016 0.620942 0.151314
-1013.23 152.841 -5644.04 -0.630257 -0.442498 0.620115 0.149765
-1006.73 149.692 -5639.1 -0.6318 -0.441562 0.61962 0.148061
-1000.26 146.542 -5634.13 -0.63303 -0.44071 0.619295 0.146697
-993.794 143.392 -5629.15 -0.634036 -0.439876 0.619135 0.145532
-987.348 140.242 -5624.15 -0.63518 -0.438598 0.619199 0.144118
-980.924 137.092 -5619.11 -0.636111 -0.437444 0.61933 0.142955
-974.515 133.944 -5614.06 -0.636922 -0.436338 0.619514 0.141919
-968.125 130.797 -5608.99 -0.637993 -0.434792 0.61981 0.140557
-961.76 127.653 -5603.88 -0.63767 -0.433084 0.621406 0.14025
-955.414 124.51 -5598.74 -0.635012 -0.430954 0.625291 0.141594
-949.087 121.37 -5593.58 0.630822 0.428018 -0.631017 -0.143809
-942.791 118.235 -5588.38 0.625284 0.424788 -0.637965 -0.14689
-936.516 115.102 -5583.15 0.618775 0.421513 -0.645576 -0.150582
-930.261 111.973 -5577.9 0.612136 0.417814 -0.653429 -0.154117
-924.044 108.851 -5572.6 0.60577 0.413989 -0.660992 -0.157305
-917.852 105.733 -5567.27 0.599957 0.410564 -0.667711 -0.160156
-911.683 102.621 -5561.9 0.595558 0.407255 -0.673215 -0.161975
-905.551 99.5161 -5556.49 0.593343 0.403927 -0.677105 -0.162224
-899.454 96.4191 -5551.04 0.593304 0.401569 -0.67875 -0.161343
-893.384 93.3288 -5545.55 0.596009 0.399757 -0.678047 -0.158809
-887.349 90.2468 -5540.02 0.601223 0.397854 -0.675535 -0.154581
-881.36 87.1767 -5534.43 0.607839 0.396393 -0.671576 -0.149632
-875.406 84.1158 -5528.8 0.615276 0.395142 -0.6667 -0.144257
-869.486 81.0641 -5523.13 0.623118 0.393639 -0.66149 -0.138574
-863.618 78.0267 -5517.4 0.630976 0.391413 -0.656544 -0.132722
-857.797 75.0032 -5511.62 0.637638 0.389344 -0.652308 -0.127767
-852.017 71.9918 -5505.78 0.642883 0.386788 -0.649468 -0.123646
-846.28 68.9931 -5499.9 0.646307 0.383389 -0.648672 -0.120518
-840.613 66.016 -5493.94 0.64664 0.37902 -0.65116 -0.11913
-834.997 63.055 -5487.92 0.643187 0.374223 -0.657173 -0.119962
-829.433 60.111 -5481.85 0.636915 0.368718 -0.665921 -0.122214
-823.926 57.1853 -5475.72 0.628634 0.362468 -0.676571 -0.125249
-818.497 54.2859 -5469.5 0.619165 0.355472 -0.688308 -0.128475
-813.137 51.4098 -5463.21 0.608907 0.348561 -0.700247 -0.13188
-807.844 48.557 -5456.86 0.598952 0.341478 -0.711684 -0.134738
-802.62 45.7286 -5450.44 0.590206 0.334402 -0.721915 -0.13664
-797.48 42.9297 -5443.94 0.583862 0.327072 -0.730335 -0.136892
-792.44 40.167 -5437.35 0.58045 0.32046 -0.736178 -0.13574
-787.486 37.436 -5430.68 0.581157 0.314333 -0.738828 -0.132607
-782.623 34.7388 -5423.93 0.587671 0.308876 -0.73698 -0.126882
-777.857 32.078 -5417.09 0.600107 0.303949 -0.730352 -0.118624
-773.194 29.4564 -5410.17 0.617024 0.299156 -0.719732 -0.108501
-768.666 26.8873 -5403.14 0.637016 0.294004 -0.705937 -0.0970825
-764.259 24.365 -5396.02 0.658562 0.288388 -0.689843 -0.0851165
-759.978 21.8923 -5388.8 -0.680373 -0.281952 0.672494 0.0731215
-755.83 19.4727 -5381.49 -0.701227 -0.274516 0.655074 0.0616436
-751.825 17.1108 -5374.09 -0.720005 -0.266018 0.638911 0.0511927
-747.97 14.8103 -5366.58 -0.735706 -0.256439 0.625456 0.0422015
-744.277 12.5757 -5358.97 -0.747368 -0.245894 0.616238 0.0350449
-740.772 10.4198 -5351.25 -0.753895 -0.234951 0.612807 0.0301399
-737.456 8.34294 -5343.43 -0.75702 -0.222644 0.613722 0.0263723
-734.332 6.34762 -5335.51 -0.758711 -0.209667 0.616335 0.0229826
-731.413 4.43964 -5327.49 -0.759182 -0.196038 0.620338 0.0198005
-728.707 2.6241 -5319.37 -0.758636 -0.181791 0.625416 0.0166741
-726.228 0.907096 -5311.16 -0.757155 -0.16748 0.631258 0.0134376
-723.976 -0.716821 -5302.87 -0.754788 -0.154024 0.637552 0.00998281
-721.935 -2.26459 -5294.5 -0.751761 -0.141861 0.643964 0.00633951
-720.092 -3.74912 -5286.08 -0.748491 -0.130574 0.650158 0.00259652
-718.442 -5.17128 -5277.61 -0.745384 -0.11964 0.65581 -0.00121227
-716.98 -6.5321 -5269.1 -0.742747 -0.109042 0.660614 -0.00512271
-715.702 -7.8327 -5260.54 -0.740902 -0.0990111 0.664213 -0.00903739
-714.613 -9.07073 -5251.95 -0.739832 -0.089499 0.666687 -0.0129144
-713.705 -10.2483 -5243.33 -0.739317 -0.0799176 0.668383 -0.0169312
-712.965 -11.3696 -5234.69 -0.739016 -0.0705619 0.669656 -0.0208972
-712.387 -12.4361 -5226.03 -0.738616 -0.0615245 0.670857 -0.0247322
-711.966 -13.4494 -5217.35 -0.737812 -0.052823 0.672336 -0.0284109
-711.695 -14.411 -5208.66 -0.736297 -0.0444698 0.67444 -0.03193
-711.569 -15.3226 -5199.96 -0.733759 -0.0364774 0.677511 -0.0352984
-711.584 -16.1856 -5191.26 -0.729874 -0.0288704 0.681884 -0.038541
-711.734 -17.0018 -5182.55 -0.724304 -0.0216826 0.687878 -0.041686
-712.03 -17.7665 -5173.84 -0.716687 -0.015115 0.695797 -0.0446909
-712.458 -18.4849 -5165.14 -0.706644 -0.00885242 0.705899 -0.0477694
-713.005 -19.1611 -5156.43 0.694358 0.00308529 -0.717822 0.0508879
-713.667 -19.7965 -5147.73 0.680316 -0.00221609 -0.730917 0.054089
-714.439 -20.3925 -5139.04 0.664553 -0.00705136 -0.745 0.0573928
-715.318 -20.9505 -5130.36 0.647106 -0.011415 -0.759885 0.0608118
-716.303 -21.4698 -5121.68 0.628015 -0.0154274 -0.775377 0.0644189
-717.406 -21.9467 -5113.02 0.607334 -0.0188448 -0.7913 0.0680794
-718.602 -22.3898 -5104.36 0.585122 -0.0217917 -0.807461 0.071855
-719.887 -22.8003 -5095.72 0.561447 -0.0242731 -0.823682 0.0757429
-721.258 -23.1793 -5087.09 0.536388 -0.0262908 -0.839786 0.079722
-722.712 -23.5279 -5078.47 0.510035 -0.0278929 -0.855606 0.0838168
-724.266 -23.8397 -5069.87 0.482482 -0.029215 -0.870973 0.0881168
-725.9 -24.1218 -5061.28 0.453869 -0.0298836 -0.885773 0.0922829
-727.606 -24.3769 -5052.71 0.424311 -0.0301331 -0.899859 0.0964677
-729.382 -24.6061 -5044.15 0.393944 -0.0299828 -0.913114 0.100656
-731.225 -24.8101 -5035.6 0.362902 -0.0295891 -0.925423 0.104974
-733.156 -24.9809 -5027.07 0.331355 -0.0288168 -0.936717 0.109249
-735.149 -25.1285 -5018.55 0.299481 -0.0275645 -0.946951 0.113296
-737.201 -25.2538 -5010.05 0.267434 -0.0260068 -0.956061 0.117259
-739.31 -25.3576 -5001.56 0.235389 -0.0241722 -0.964022 0.121116
-741.486 -25.4358 -4993.09 0.203492 -0.0223413 -0.970775 0.125252
-743.724 -25.4901 -4984.63 0.171984 -0.0200241 -0.976431 0.128849
-746.013 -25.5254 -4976.19 0.14101 -0.0175351 -0.980971 0.132306
-748.349 -25.5421 -4967.76 0.110747 -0.0149114 -0.984439 0.135617
-750.74 -25.5378 -4959.35 0.0813401 -0.0123821 -0.986841 0.139192
-753.189 -25.5112 -4950.95 0.0530143 -0.00959181 -0.98837 0.142207
-755.68 -25.4681 -4942.57 0.0259079 -0.00677099 -0.989063 0.145042
-758.212 -25.4091 -4934.2 0.000177727 -0.0039759 -0.98902 0.147731
-760.792 -25.3317 -4925.84 -0.0240471 -0.00138919 -0.988286 0.150697
-763.421 -25.2347 -4917.5 -0.0465715 0.00124276 -0.987106 0.153135
-766.086 -25.1236 -4909.17 -0.0672762 0.00373985 -0.985548 0.155416
-768.787 -24.9988 -4900.85 -0.0860284 0.00604388 -0.98373 0.1576
-771.53 -24.8568 -4892.54 -0.102718 0.00800886 -0.981707 0.160115
-774.314 -24.6988 -4884.25 -0.117171 0.00983407 -0.979746 0.162085
-777.129 -24.5285 -4875.97 -0.12929 0.0113477 -0.977885 0.164002
-779.974 -24.3464 -4867.7 -0.138956 0.0124816 -0.976208 0.165991
-782.86 -24.1476 -4859.45 -0.146048 0.0131942 -0.974801 0.168102
-785.776 -23.9366 -4851.2 -0.15042 0.0135468 -0.973826 0.169861
-788.719 -23.715 -4842.97 -0.151963 0.0134285 -0.973282 0.171606
-791.689 -23.4825 -4834.75 -0.148181 0.0123243 -0.973525 0.173605
-794.696 -23.2349 -4826.53 -0.137115 0.00993263 -0.974834 0.175497
-797.726 -22.978 -4818.33 -0.119464 0.00635623 -0.976878 0.17719
-800.778 -22.712 -4810.14 -0.0959324 0.00166206 -0.979198 0.178789
-803.858 -22.4344 -4801.96 -0.0672484 -0.00412792 -0.981264 0.180505
-806.964 -22.146 -4793.79 -0.034092 -0.0106965 -0.982726 0.181587
-810.09 -21.8495 -4785.62 0.00276098 -0.0180067 -0.983072 0.182314
-813.234 -21.5452 -4777.47 0.0425161 -0.0259706 -0.981896 0.182752
-816.407 -21.2291 -4769.32 0.0843761 -0.0343949 -0.978931 0.182735
-819.597 -20.9056 -4761.18 0.12754 -0.0430245 -0.974031 0.18206
-822.803 -20.5754 -4753.05 0.171161 -0.051776 -0.967108 0.180902
-826.029 -20.2369 -4744.93 0.214394 -0.0606094 -0.958204 0.179463
-829.274 -19.8898 -4736.81 0.256499 -0.0691286 -0.9476 0.177435
-832.533 -19.5368 -4728.7 0.296698 -0.0772739 -0.935605 0.175052
-835.805 -19.1781 -4720.6 0.334267 -0.0849812 -0.922649 0.172517
-839.096 -18.811 -4712.5 0.368555 -0.0921082 -0.909291 0.169921
-842.4 -18.4384 -4704.41 0.399 -0.0983874 -0.896184 0.167254
-845.714 -18.0609 -4696.33 0.425026 -0.103833 -0.883975 0.164805
-849.041 -17.678 -4688.25 0.446104 -0.108426 -0.873347 0.162788
-852.381 -17.2887 -4680.17 0.461782 -0.111904 -0.865011 0.161218
-855.729 -16.8955 -4672.1 0.47155 -0.114224 -0.859592 0.160297
-859.086 -16.4983 -4664.03 0.474864 -0.115328 -0.857637 0.160193
-862.452 -16.0962 -4655.97 0.471716 -0.115251 -0.859239 0.160966
-865.827 -15.6901 -4647.91 0.462791 -0.113948 -0.863982 0.162401
-869.207 -15.2811 -4639.85 0.448422 -0.111588 -0.871438 0.164506
-872.593 -14.8692 -4631.8 0.428925 -0.108234 -0.881113 0.167181
-875.986 -14.4533 -4623.74 0.404619 -0.103887 -0.892468 0.170272
-879.381 -14.0354 -4615.7 0.375817 -0.0985847 -0.904923 0.173656
-882.78 -13.6154 -4607.65 0.342841 -0.092413 -0.917884 0.177227
-886.182 -13.1934 -4599.6 0.306055 -0.0854417 -0.930764 0.180852
-889.585 -12.7696 -4591.55 0.265873 -0.0777037 -0.943015 0.184383
-892.988 -12.3447 -4583.5 0.222743 -0.0693032 -0.954121 0.187714
-896.392 -11.9189 -4575.46 0.177164 -0.0603457 -0.963631 0.190754
-899.794 -11.4925 -4567.41 0.129685 -0.0509267 -0.971184 0.193366
-903.193 -11.0658 -4559.36 0.0808897 -0.0411624 -0.976495 0.195501
-906.59 -10.6394 -4551.31 0.0313853 -0.0311926 -0.979381 0.197116
-909.982 -10.2134 -4543.26 -0.0181995 -0.0211498 -0.979771 0.198169
-913.37 -9.78813 -4535.21 -0.0672298 -0.0111588 -0.977711 0.198586
-916.75 -9.36445 -4527.15 -0.115089 -0.00137105 -0.973326 0.198468
-920.122 -8.94234 -4519.09 -0.161176 0.00807968 -0.966863 0.197819
-923.488 -8.52208 -4511.03 -0.204922 0.0170655 -0.958659 0.196694
-926.843 -8.10416 -4502.96 -0.245797 0.0254659 -0.949142 0.195101
-930.186 -7.68987 -4494.89 -0.283318 0.0331657 -0.93878 0.193193
-933.516 -7.27878 -4486.81 -0.317044 0.0400616 -0.928101 0.191066
-936.835 -6.87126 -4478.73 -0.346571 0.046064 -0.917669 0.188815
-940.139 -6.4677 -4470.64 -0.37153 0.0510899 -0.908053 0.186537
-943.425 -6.06957 -4462.55 -0.391573 0.055047 -0.899838 0.184209
-946.692 -5.67729 -4454.44 -0.406354 0.0578929 -0.893509 0.182113
-949.94 -5.29064 -4446.33 -0.415519 0.0595544 -0.889554 0.18025
-953.168 -4.91017 -4438.21 -0.418681 0.0599703 -0.888361 0.178676
-956.375 -4.5364 -4430.08 -0.418462 0.0596871 -0.888776 0.177215
-959.555 -4.17099 -4421.94 -0.417784 0.0592895 -0.889441 0.175603
-962.705 -3.81498 -4413.79 -0.416669 0.0588046 -0.890321 0.173944
-965.828 -3.46787 -4405.62 -0.415145 0.0582274 -0.891415 0.172171
-968.92 -3.1305 -4397.45 -0.413236 0.0575641 -0.892709 0.170272
-971.98 -2.80357 -4389.26 -0.410966 0.0568256 -0.894189 0.16824
-975.004 -2.488 -4381.06 -0.40836 0.0560166 -0.895841 0.166054
-977.991 -2.18476 -4372.84 -0.405441 0.0551479 -0.897647 0.163729
-980.93 -1.89716 -4364.61 -0.402234 0.0542322 -0.899588 0.16127
-983.824 -1.62414 -4356.36 -0.398764 0.0532625 -0.901671 0.158556
-986.67 -1.36684 -4348.09 -0.395055 0.0522547 -0.90387 0.155627
-989.465 -1.12649 -4339.81 -0.391134 0.0512151 -0.906172 0.152458
-992.204 -0.90455 -4331.5 -0.387023 0.0501536 -0.908563 0.149032
-994.882 -0.702505 -4323.18 -0.38275 0.0490767 -0.91103 0.145319
-997.495 -0.522009 -4314.83 -0.378339 0.0479957 -0.913559 0.1413
-1000.04 -0.364871 -4306.46 -0.373817 0.0469157 -0.916138 0.136935
-1002.5 -0.233068 -4298.07 -0.369211 0.0458487 -0.918751 0.132203
-1004.89 -0.128755 -4289.66 -0.364547 0.0448011 -0.921387 0.127062
-1007.18 -0.0542946 -4281.22 -0.359853 0.0437795 -0.924032 0.121469
-1009.37 -0.0122736 -4272.75 -0.355156 0.0428239 -0.926586 0.116056
-1011.47 0.0 -4264.26 -0.350476 0.0419791 -0.928863 0.112325
-1013.54 0.0 -4255.76 -0.345839 0.0412441 -0.930791 0.111004
-1015.59 0.0 -4247.26 -0.341278 0.0405587 -0.932525 0.110824
-1017.64 0.0 -4238.75 -0.336826 0.0398869 -0.934194 0.110627
-1019.68 0.0 -4230.25 -0.33251 0.039235 -0.935791 0.11042
-1021.71 0.0 -4221.74 -0.328358 0.0386032 -0.937309 0.110194
-1023.73 0.0 -4213.23 -0.3244 0.037995 -0.93874 0.109949
-1025.75 0.0 -4204.72 -0.320663 0.0374104 -0.940078 0.109675
-1027.76 0.0 -4196.2 -0.317176 0.0368538 -0.941317 0.109375
-1029.76 0.0 -4187.69 -0.313969 0.0363282 -0.94245 0.109048
-1031.75 0.0 -4179.17 -0.310862 0.0358166 -0.943538 0.108711
-1033.74 0.0 -4170.65 -0.307665 0.0352949 -0.944644 0.108368
-1035.72 0.0 -4162.13 -0.304387 0.0347653 -0.945765 0.10802
-1037.68 0.0 -4153.61 -0.301036 0.0342299 -0.946897 0.107669
-1039.64 0.0 -4145.09 -0.297621 0.033689 -0.948035 0.107312
-1041.59 0.0 -4136.56 -0.294151 0.0331411 -0.949179 0.106941
-1043.54 0.0 -4128.03 -0.290635 0.0325834 -0.950325 0.106542
-1045.47 0.0 -4119.5 -0.287082 0.0320213 -0.95147 0.106127
-1047.39 0.0 -4110.97 -0.283501 0.0314585 -0.952609 0.105706
-1049.3 0.0 -4102.43 -0.279901 0.0308949 -0.953739 0.105272
-1051.21 0.0 -4093.89 -0.276289 0.0303371 -0.954857 0.104845
-1053.1 0.0 -4085.35 -0.272677 0.0297724 -0.955963 0.104377
-1054.98 0.0 -4076.81 -0.269073 0.0292095 -0.957054 0.103894
-1056.85 0.0 -4068.27 -0.265487 0.0286495 -0.958126 0.103394
-1058.71 0.0 -4059.72 -0.261926 0.028091 -0.959178 0.102869
-1060.56 0.0 -4051.17 -0.258401 0.0275432 -0.960206 0.102349
-1062.4 0.0 -4042.62 -0.254921 0.0269952 -0.96121 0.101789
-1064.23 0.0 -4034.06 -0.251496 0.0264538 -0.962189 0.101209
-1066.04 0.0 -4025.51 -0.248133 0.0259213 -0.963138 0.100615
-1067.84 0.0 -4016.95 -0.244844 0.0253954 -0.964058 0.0999929
-1069.63 0.0 -4008.39 -0.241637 0.0248776 -0.964947 0.0993455
-1071.41 0.0 -3999.82 -0.238522 0.0243712 -0.965803 0.0986821
-1073.17 0.0 -3991.25 -0.235508 0.0238699 -0.966627 0.0979725
-1074.92 0.0 -3982.68 -0.232604 0.0233833 -0.967414 0.0972523
-1076.65 0.0 -3974.11 -0.22982 0.0229117 -0.968164 0.0965199
-1078.37 0.0 -3965.53 -0.227167 0.0224436 -0.96888 0.0957231
-1080.08 0.0 -3956.95 -0.224652 0.0219928 -0.969556 0.0949167
-1081.76 0.0 -3948.37 -0.222285 0.0215596 -0.970191 0.0940996
-1083.44 0.0 -3939.79 -0.220078 0.0211252 -0.970791 0.0931859
-1085.09 0.0 -3931.2 -0.218037 0.0207192 -0.971345 0.0923029
-1086.73 0.0 -3922.6 -0.216174 0.0203176 -0.97186 0.0913424
-1088.35 0.0 -3914.01 -0.214497 0.0199328 -0.972332 0.090357
-1089.96 0.0 -3905.41 -0.213016 0.0195662 -0.972758 0.0893506
-1091.54 0.0 -3896.81 -0.211742 0.0192038 -0.973143 0.0882588
-1093.1 0.0 -3888.2 -0.210681 0.018867 -0.973477 0.0871771
-1094.65 0.0 -3879.59 -0.209846 0.0185313 -0.973769 0.0859923
-1096.17 0.0 -3870.98 -0.209244 0.0182202 -0.974008 0.0848129
-1097.67 0.0 -3862.36 -0.208887 0.0179127 -0.9742 0.0835408
-1099.15 0.0 -3853.74 -0.208781 0.0176212 -0.974339 0.0822344
-1100.6 0.0 -3845.11 -0.208806 0.017331 -0.974453 0.0808802
-1102.03 0.0 -3836.48 -0.208831 0.0170209 -0.974572 0.0794333
-1103.44 0.0 -3827.85 -0.208856 0.0167058 -0.974691 0.0779626
-1104.81 0.0 -3819.21 -0.208883 0.01637 -0.974815 0.0763953
-1106.16 0.0 -3810.57 -0.20891 0.0160254 -0.974939 0.0747871
-1107.48 0.0 -3801.92 -0.208937 0.0156609 -0.975068 0.0730861
-1108.77 0.0 -3793.27 -0.208966 0.0152779 -0.975201 0.0712987
-1110.03 0.0 -3784.62 -0.208994 0.0148834 -0.975334 0.0694578
-1111.25 0.0 -3775.95 -0.209024 0.0144603 -0.975472 0.0674834
-1112.44 0.0 -3767.29 -0.209054 0.0140143 -0.975614 0.0654017
-1113.58 0.0 -3758.62 -0.209085 0.0135437 -0.975759 0.0632057
-1114.69 0.0 -3749.94 -0.209117 0.0130505 -0.975905 0.0609038
-1115.76 0.0 -3741.26 -0.209149 0.0125293 -0.976054 0.0584717
-1116.78 0.0 -3732.57 -0.209181 0.0119744 -0.976205 0.0558821
-1117.76 0.0 -3723.88 -0.209214 0.0113843 -0.976359 0.0531284
-1118.68 0.0 -3715.18 -0.209247 0.0107524 -0.976515 0.0501791
-1119.55 0.0 -3706.48 -0.209281 0.0100779 -0.976672 0.0470317
-1120.36 0.0 -3697.77 -0.209314 0.00935736 -0.976828 0.0436689
-1121.11 0.0 -3689.05 -0.209348 0.0085751 -0.976984 0.0400182
-1121.79 0.0 -3680.33 -0.209378 0.00781643 -0.977123 0.0364777
-1122.4 0.0 -3671.61 -0.209393 0.00739624 -0.977194 0.0345168
